ID	Observers	tag	lg	lf	tp	IDI
1	R.A	1236	46.9	7	1	263
2	R.A	1237	54.1	4	1	264
3	R.A	1238	54.4	11	1	265
4	R.A	1239	40.2	11	1	266
5	R.A	1240	44.5	11	1	267
6	R.A	1241	54.4	3	1	268
7	R.A	1242	40	4	2	269
8	R.A	1242	34.8	5	2	270
9	R.A	1243	61.2	5	1	271
10	R.A	1244	46.5	9	1	272
11	R.A	1245	42.6	8	1	273
12	R.A	1246	55.5	8	1	274
13	R.A	1247	7.1	1	1	275
14	R.A	1248	47.1	9	1	276
15	R.A	1249	45.2	12	1	277
16	R.A	1222	49.6	5	1	248
17	R.A	1223	44.3	6	1	249
18	R.A	1224	19.3	4	1	250
19	R.A	1225	42.4	5	1	251
20	R.A	1226	62.3	6	1	252
21	R.A	1227	42.2	5	1	253
22	R.A	1228	48.9	6	1	254
23	R.A	1229	40.4	4	1	255
24	R.A	1230	49.1	4	2	256
25	R.A	1230	43.8	4	2	257
26	R.A	1231	40.5	8	1	258
27	R.A	1232	37.1	10	1	259
28	R.A	1233	56	5	1	260
29	R.A	1234	47.9	9	1	261
30	R.A	1235	49.7	5	1	262
31	R.A	1328	41.4	9	1	372
32	R.A	1330	32	7	1	375
33	R.A	1275	32	8	1	307
34	R.A	1274	39.7	2	2	306
35	R.A	1274	37.5	7	2	305
36	R.A	1273	43.6	10	1	304
37	R.A	1272	54.1	3	1	303
38	R.A	1271	38.8	8	2	302
39	R.A	1271	26.8	7	2	301
40	R.A	1270	47.1	8	1	300
41	R.A	1269	43.5	7	1	299
42	R.A	1268	44.5	10	1	298
43	R.A	1257	57.5	9	1	286
44	R.A	1255	63.4	3	1	283
45	R.A	1254	51.8	6	1	282
46	R.A	1441	26.1	7	1	503
47	R.A	1449	43.4	8	1	512
48	R.A	1450	41.8	8	1	513
49	R.A	1451	38.1	8	1	514
50	R.A	1432	43.5	4	1	494
51	R.A	1433	42.7	6	1	495
52	R.A	1434	35.3	8	1	496
53	R.A	1436	31	10	1	498
54	R.A	1435	34.7	6	1	497
55	R.A	1437	35.9	8	1	499
56	R.A	1439	41.7	7	1	501
57	R.A	1440	25.1	3	1	502
58	R.A	1438	31.5	4	1	500
59	R.A	1445	52.4	3	1	508
60	R.A	1446	42.4	9	1	509
61	R.A	1424	31.5	11	1	484
62	R.A	1423	23.4	6	2	482
63	R.A	1423	36	4	2	483
64	R.A	1422	44.8	11	1	481
65	R.A	1416	14.6	2	2	473
66	R.A	1416	32.4	4	2	474
67	R.A	1421	59.4	5	1	480
68	R.A	1415	31.4	6	1	472
69	R.A	1420	47.5	4	2	479
70	R.A	1420	25.5	7	2	478
71	R.A	1158	37.2	10	1	173
72	R.A	1159	44.6	10	1	174
73	R.A	1160	53.5	6	1	175
74	R.A	1161	50.1	11	1	176
75	R.A	1162	57.5	7	1	177
76	R.A	1552	36.7	6	1	622
77	R.A	1554	37.6	9	1	624
78	R.A	1555	42.6	3	2	626
79	R.A	1555	31.1	3	2	625
80	R.A	1556	37.7	6	1	627
81	R.A	1561	30.4	8	1	632
82	R.A	1558	42.3	6	1	629
83	R.A	1557	38.4	4	1	628
84	R.A	1559	35.2	8	1	630
85	R.A	1562	32.5	3	1	633
86	R.A	1565	26.2	2	2	636
87	R.A	1565	33.5	5	2	637
88	R.A	1610	27.4	5	1	688
89	R.A	1611	32.6	5	1	689
90	R.A	1613	28.9	13	1	691
91	R.A	1614	31.5	7	1	692
92	R.A	1615	30.6	4	1	693
93	R.A	1627	25.4	10	1	701
94	R.A	1628	28.8	10	1	702
95	R.A	1619	33.3	3	1	697
96	R.A	1621	27.9	7	1	699
97	R.A	1591	33	7	1	668
98	R.A	1590	40.9	5	1	667
99	R.A	1601	33	6	1	678
100	R.A	1602	31.9	10	1	679
101	R.A	1598	49.5	4	1	675
102	R.A	1597	33.7	5	1	674
103	R.A	1596	32	3	1	673
104	R.A	1599	38	4	1	676
105	R.A	1536	45.9	11	1	606
106	R.A	1540	51.5	6	1	610
107	R.A	1544	39	6	1	614
108	R.A	1504	31.6	8	1	571
109	R.A	1412	30.8	10	1	469
110	R.A	1549	28	9	1	619
111	R.A	1500	52.3	8	1	566
112	R.A	1538	43.2	5	1	608
113	R.A	1502	30.5	7	1	568
114	R.A	1541	58.8	6	1	611
115	R.A	1548	34.1	10	1	618
116	R.A	1535	35.1	4	1	605
117	R.A	1595	40.5	5	1	672
118	R.A	1550	37.6	8	1	620
119	R.A	1534	40.1	5	1	604
120	R.A	1503	31.2	6	2	570
121	R.A	1503	23.8	4	2	569
122	R.A	1543	39.2	5	1	613
123	R.A	1545	25.5	11	1	615
124	R.A	1526	38.4	8	1	596
125	R.A	1542	37	8	1	612
126	R.A	1523	39.6	6	1	593
127	R.A	1546	33.5	7	1	616
128	R.A	1507	40.2	5	1	576
129	R.A	1506	34	1	2	574
130	R.A	1506	34.3	3	2	575
131	R.A	1506	24.6	1	2	573
132	R.A	1505	37.5	5	1	572
133	R.A	1539	44.8	8	1	609
134	R.A	1410	34.1	6	1	467
135	R.A	1100	41.8	4	1	111
136	R.A	1001	24.9	3	2	2
137	R.A	1001	29.3	7	2	1
138	R.A	1002	33	7	1	3
139	R.A	1003	36.9	7	1	4
140	R.A	1004	33.5	5	1	5
141	R.A	1005	43.4	6	1	6
142	R.A	1006	34	9	1	7
143	R.A	1007	32.9	7	1	8
144	R.A	1008	33.4	8	1	9
145	R.A	1095	16.2	4	1	106
146	R.A	1009	42.7	12	1	10
147	R.A	1010	42.2	7	1	11
148	R.A	1011	46.3	7	1	12
149	R.A	1012	41.5	6	1	13
150	R.A	1014	46.1	5	1	15
151	R.A	1015	31.4	9	1	16
152	R.A	1016	41.6	10	1	17
153	R.A	1017	40.3	7	1	18
154	R.A	1018	36.7	7	1	19
155	R.A	1019	42.9	6	1	20
156	R.A	1020	47.8	8	1	21
157	R.A	1098	38.1	10	1	109
158	R.A	1097	46.8	6	1	108
159	R.A	1151	42.4	6	1	164
160	R.A	1551	47.3	8	1	621
161	R.A	1553	37.8	7	1	623
162	R.A	1547	31.4	10	1	617
163	R.A	1013	43.1	7	1	14
164	R.A	1092	42.3	8	1	102
165	R.A	1093	31.8	12	1	103
166	R.A	1094	51.7	7	2	105
167	R.A	1094	29.8	8	2	104
168	R.A	1090	36.6	10	1	100
169	R.A	1091	40.8	10	1	101
170	R.A	1089	36.9	3	2	99
171	R.A	1089	31.4	5	2	98
172	R.A	1088	36	8	1	97
173	R.A	1087	44.1	10	1	96
174	R.A	1099	29.8	11	1	110
175	R.A	1086	36	6	2	94
176	R.A	1086	33.8	7	2	95
177	R.A	1085	40.8	9	1	93
178	R.A	1084	39.6	6	1	92
179	R.A	1083	31.1	14	1	91
180	R.A	1082	36.3	5	2	90
181	R.A	1082	61.6	3	2	89
182	R.A	1081	47.2	6	1	88
183	R.A	1080	36.7	10	2	87
184	R.A	1080	13.9	1	2	86
185	R.A	1079	50.2	6	1	85
186	R.A	1078	42.4	5	1	84
187	R.A	1077	47.3	5	1	83
188	R.A	1076	36.2	9	1	82
189	R.A	1075	42	7	1	81
190	R.A	1074	34	7	2	79
191	R.A	1074	31.4	4	2	80
192	R.A	1073	40.1	6	1	78
193	R.A	1072	49.6	4	1	77
194	R.A	1071	42.6	4	2	76
195	R.A	1071	37.9	6	2	75
196	R.A	1070	32.3	4	2	74
197	R.A	1070	40.1	5	2	73
198	R.A	1069	51.6	6	1	72
199	R.A	1068	38.7	12	1	71
200	L.M	1291	34.9	6	1	326
201	L.M	1290	21.5	2	2	325
202	L.M	1292	50.8	3	1	327
203	L.M	1290	31.4	5	2	324
204	L.M	1289	11.5	4	1	323
205	L.M	1294	31.4	6	1	330
206	L.M	1293	23.6	5	2	328
207	L.M	1293	34.4	6	2	329
208	L.M	1295	37	7	1	331
209	L.M	1296	29	6	1	332
210	L.M	1288	48.5	6	1	322
211	L.M	1286	33.2	5	1	320
212	L.M	1297	34.6	7	1	333
213	L.M	1298	28.3	10	1	334
214	L.M	1285	36.9	2	2	319
215	L.M	1285	43.3	5	2	318
216	L.M	1284	37.1	3	1	317
217	L.M	1299	45.5	6	1	335
218	L.M	1287	36.5	5	1	321
219	L.M	1283	35.5	9	1	316
220	L.M	1300	29	3	2	337
221	L.M	1300	34.8	4	2	336
222	L.M	1282	27.5	9	1	315
223	L.M	1281	36.9	7	1	314
224	L.M	1280	41.1	7	1	313
225	L.M	1276	44.5	6	1	310
226	L.M	1278	37.7	8	1	311
227	L.M	1341	43.2	5	1	387
228	L.M	1137	44.5	7	1	150
229	L.M	1140	44.6	4	1	153
230	L.M	1382	39.3	6	1	433
231	L.M	1139	37.4	6	1	152
232	L.M	1346	43	4	2	394
233	L.M	1346	44.1	3	2	395
234	L.M	1358	35.7	5	1	407
235	L.M	1364	37.1	11	1	413
236	L.M	1357	33.4	9	1	406
237	L.M	1356	41.5	7	1	405
238	L.M	1354	36.4	9	1	403
239	L.M	1355	34.6	6	1	404
240	L.M	1353	38.5	7	1	402
241	L.M	1352	50.6	5	1	401
242	L.M	1350	39.2	7	1	399
243	L.M	1351	36.4	5	1	400
244	L.M	1349	37.6	5	1	398
245	L.M	1347	41	6	1	396
246	L.M	1348	37.2	9	1	397
247	L.M	1344	40.1	7	1	392
248	L.M	1345	44.4	5	1	393
249	L.M	1343	41.1	2	2	390
250	L.M	1343	40.9	5	2	391
251	L.M	1342	39.6	7	2	388
252	L.M	1342	36.2	3	2	389
253	L.M	1340	40.1	7	1	386
254	L.M	1400	35.3	10	1	454
255	L.M	1339	45	8	1	385
256	L.M	1338	40.2	3	1	384
257	L.M	1337	41.6	5	1	383
258	L.M	1336	41	5	1	382
259	L.M	1335	48.2	6	1	381
260	L.M	1331	33.6	8	1	376
261	L.M	1334	34.4	7	1	380
262	L.M	1165	47	8	1	181
263	L.M	1393	42.7	7	1	446
264	L.M	1390	28.7	6	1	443
265	L.M	1388	45.1	6	1	441
266	L.M	1403	33.5	5	2	458
267	L.M	1403	32	8	2	457
268	L.M	1406	26.8	6	2	462
269	L.M	1406	9.1	2	2	461
270	L.M	1387	19.5	3	2	440
271	L.M	1387	36.1	8	2	439
272	L.M	1396	50.5	7	1	449
273	L.M	1397	36.6	8	1	450
274	L.M	1395	26.8	7	1	448
275	L.M	1389	30.1	12	1	442
276	L.M	1391	38	7	1	444
277	L.M	1394	43.5	4	1	447
278	L.M	1401	34.5	6	1	455
279	L.M	1398	3.7	2	2	451
280	L.M	1398	31.2	6	2	452
281	L.M	1569	44.5	3	2	641
282	L.M	1569	17.1	5	2	642
283	L.M	1570	31.2	10	1	643
284	L.M	1584	20.4	12	1	659
285	L.M	1571	27.5	7	1	644
286	L.M	1575	27.1	6	1	649
287	L.M	1576	27.9	7	1	650
288	L.M	1577	27.5	10	1	651
289	L.M	1578	31.1	5	1	652
290	L.M	1579	21	9	1	653
291	L.M	1618	31.5	7	1	696
292	L.M	1616	32.1	5	1	694
293	L.M	1620	26	7	1	698
294	L.M	1631	16.5	2	1	703
295	L.M	1622	16.5	4	1	700
296	L.M	1449	43.5	9	1	512
297	L.M	1450	41	8	1	513
298	L.M	1451	37.6	7	1	514
299	L.M	1432	43.5	4	1	494
300	L.M	1433	42.6	6	1	495
301	L.M	1434	34.9	8	1	496
302	L.M	1435	34.5	7	1	497
303	L.M	1437	35.6	8	1	499
304	L.M	1439	41.2	5	1	501
305	L.M	1438	31	4	1	500
306	L.M	1440	24.9	3	1	502
307	L.M	1445	52.7	3	1	508
308	L.M	1446	42.5	10	1	509
309	L.M	1436	30.6	9	1	498
310	L.M	1615	30.7	4	1	693
311	L.M	1552	36.2	6	1	622
312	L.M	1162	57.8	6	1	177
313	L.M	1161	49.6	11	1	176
314	L.M	1160	53.9	6	1	175
315	L.M	1159	44.7	9	1	174
316	L.M	1158	37.4	7	1	173
317	L.M	1420	47.6	5	2	479
318	L.M	1420	25.6	7	2	478
319	L.M	1415	32.1	6	1	472
320	L.M	1421	59.1	5	1	480
321	L.M	1416	14.8	2	2	473
322	L.M	1416	33.1	7	2	474
323	L.M	1422	44.1	11	1	481
324	L.M	1423	35.5	4	2	483
325	L.M	1423	36.1	5	2	482
326	L.M	1424	31	11	1	484
327	L.M	1441	25.6	7	1	503
328	L.M	1254	51.6	7	1	282
329	L.M	1255	63.4	3	1	283
330	L.M	1257	57.5	8	1	286
331	L.M	1268	44.1	9	1	298
332	L.M	1269	43.3	5	1	299
333	L.M	1270	46.5	8	1	300
334	L.M	1271	38.4	9	2	302
335	L.M	1271	26.5	9	2	301
336	L.M	1272	54	3	1	303
337	L.M	1273	43.2	11	1	304
338	L.M	1274	29.5	2	2	306
339	L.M	1274	32.1	8	2	305
340	L.M	1275	32.1	7	1	307
341	L.M	1330	31.6	6	1	375
342	L.M	1328	41.4	9	1	372
343	L.M	1236	47.3	7	1	263
344	L.M	1237	54.1	4	1	264
345	L.M	1238	54.2	8	1	265
346	L.M	1239	40.4	10	1	266
347	L.M	1240	44.5	11	1	267
348	L.M	1621	28	7	1	699
349	L.M	1241	54.3	3	1	268
350	L.M	1619	33	3	1	697
351	L.M	1242	34.9	4	2	270
352	L.M	1242	40	5	2	269
353	L.M	1628	28.6	9	1	702
354	L.M	1243	61.4	6	1	271
355	L.M	1244	46.5	11	1	272
356	L.M	1245	38.8	12	1	273
357	L.M	1246	56.3	8	1	274
358	L.M	1247	7.1	1	1	275
359	L.M	1248	47.2	10	1	276
360	L.M	1249	45	12	1	277
361	L.M	1222	49.8	5	1	248
362	L.M	1223	44.3	6	1	249
363	L.M	1224	19.8	4	1	250
364	L.M	1225	42.3	5	1	251
365	L.M	1226	62.1	7	1	252
366	L.M	1554	40.3	7	1	624
367	L.M	1555	42.6	3	2	626
368	L.M	1555	31.1	3	2	625
369	L.M	1556	37.8	7	1	627
370	L.M	1561	30.2	6	1	632
371	L.M	1558	42.3	5	1	629
372	L.M	1227	42.1	5	1	253
373	L.M	1557	38.3	5	1	628
374	L.M	1228	49	6	1	254
375	L.M	1559	35	7	1	630
376	L.M	1229	40.2	4	1	255
377	L.M	1562	32.5	3	1	633
378	L.M	1231	43.6	8	1	258
379	L.M	1230	43.2	4	2	257
380	L.M	1230	46.3	4	2	256
381	L.M	1565	33.4	4	2	637
382	L.M	1565	26.4	2	2	636
383	L.M	1610	27.5	4	1	688
384	L.M	1232	36.9	10	1	259
385	L.M	1611	32.5	4	1	689
386	L.M	1233	56.2	6	1	260
387	L.M	1613	29	8	1	691
388	L.M	1234	47.7	9	1	261
389	L.M	1614	31.5	7	1	692
390	L.M	1235	49.3	5	1	262
391	L.M	1627	27.5	11	1	701
392	J.L	1166	35.2	5	1	182
393	J.L	1180	46	7	1	199
394	J.L	1208	20.8	3	1	232
395	J.L	1209	45.1	6	1	233
396	J.L	1210	41.9	22	1	234
397	J.L	1211	46.2	7	1	235
398	J.L	1212	33.9	3	1	236
399	J.L	1213	31.4	3	2	238
400	J.L	1214	31.2	7	1	239
401	J.L	1215	29	12	1	240
402	J.L	1216	42.1	6	2	241
403	J.L	1217	45	6	1	243
404	J.L	1218	26.5	10	1	244
405	J.L	1219	61.1	6	1	245
406	J.L	1220	39.8	7	1	246
407	J.L	1213	46.8	4	2	237
408	J.L	1221	38.3	8	1	247
409	J.L	1216	22	3	2	242
410	J.L	1194	44.9	5	1	214
411	J.L	1195	30.1	5	2	216
412	J.L	1195	32.9	2	2	215
413	J.L	1196	38.4	8	1	217
414	J.L	1197	44.5	6	1	218
415	J.L	1198	39.6	5	1	219
416	J.L	1199	3.5	3	2	221
417	J.L	1199	40	4	2	220
418	J.L	1200	45.6	3	1	222
419	J.L	1201	45.4	9	1	223
420	J.L	1202	42.4	10	1	224
421	J.L	1203	43	6	2	226
422	J.L	1203	34.1	3	2	225
423	J.L	1204	58.9	7	1	227
424	J.L	1205	46.7	4	2	229
425	J.L	1205	57.1	4	2	228
426	J.L	1206	57.5	7	1	230
427	J.L	1207	41.8	5	1	231
428	J.L	1181	31	7	1	200
429	J.L	1182	42.5	8	1	201
431	J.L	1184	42	9	1	203
432	J.L	1185	36.2	9	2	204
433	J.L	1185	31.2	4	2	205
434	J.L	1186	41.9	10	1	206
435	J.L	1187	41.5	5	1	207
436	J.L	1188	40.9	6	1	208
437	J.L	1189	41.5	9	1	209
438	J.L	1190	50	4	1	210
439	J.L	1191	41	9	1	211
440	J.L	1192	45.5	5	1	212
441	J.L	1193	21.9	5	1	213
442	J.L	1167	37	8	2	184
443	J.L	1167	39.5	5	2	183
444	J.L	1168	43.6	10	1	185
445	J.L	1169	38	11	1	186
446	J.L	1170	41.3	4	2	188
447	J.L	1170	29.2	6	2	187
449	J.L	1171	50	5	2	190
450	J.L	1172	42.7	4	1	191
451	J.L	1173	34.5	7	1	192
452	J.L	1174	41.7	5	1	193
453	J.L	1175	52.3	5	1	194
454	J.L	1176	55.8	7	1	195
455	J.L	1177	36.2	12	1	196
456	J.L	1178	29.5	10	1	197
457	J.L	1179	38.8	9	1	198
458	J.L	1471	34.5	8	1	536
459	J.L	1497	20.6	7	1	562
460	J.L	1478	44	8	1	543
461	J.L	1493	39.2	7	1	558
462	J.L	1489	47	5	1	554
463	J.L	1496	38.8	6	1	561
464	J.L	1508	33.3	6	1	577
465	J.L	1492	35.6	7	1	557
466	J.L	1495	49.7	6	1	560
467	J.L	1509	39.3	5	1	578
468	J.L	1510	38.5	7	1	579
469	J.L	1511	43.1	8	1	580
470	J.L	1501	45.5	5	1	567
471	J.L	1513	44	6	1	583
472	J.L	1491	45.1	6	1	556
473	J.L	1479	37	9	1	544
474	J.L	1514	42	6	1	584
475	J.L	1480	45.9	7	1	545
476	J.L	1482	35.6	8	1	547
477	J.L	1481	35.2	7	1	546
478	J.L	1483	47.3	9	1	548
479	J.L	1485	43	10	1	550
480	J.L	1484	36.4	4	1	549
481	J.L	1486	43	4	1	551
482	J.L	1487	35.3	6	1	552
483	J.L	1490	51.4	6	1	555
484	J.L	1488	46.7	8	1	553
485	J.L	1462	38.9	4	1	526
486	J.L	1580	26.1	7	1	654
487	J.L	1581	30	9	1	655
488	J.L	1583	29.5	7	1	658
489	J.L	1585	29.2	9	1	660
490	J.L	1593	35.7	4	1	670
491	J.L	1594	32.5	8	1	671
492	J.L	1592	33.3	7	1	669
493	J.L	1031	38.4	7	1	33
494	J.L	1030	48.4	5	1	32
495	J.L	1046	38	8	1	48
496	J.L	1047	55.4	6	1	49
497	J.L	1048	22	14	1	50
498	J.L	1028	48.1	6	1	29
499	J.L	1029	37	5	2	31
500	J.L	1029	30	4	2	30
501	J.L	1027	34.7	7	1	28
502	J.L	1050	49.2	6	1	52
503	J.L	1042	39.6	7	1	44
504	J.L	1051	61	4	2	53
505	J.L	1051	41	3	2	54
506	J.L	1102	39.5	5	1	113
507	J.L	1040	44.5	7	1	42
508	J.L	1052	35.5	7	1	55
509	J.L	1429	48.1	9	1	490
510	J.L	1431	28.7	7	1	493
511	J.L	1430	43.4	3	2	492
512	J.L	1566	40.7	7	1	638
513	J.L	1163	48.1	11	1	178
514	J.L	1164	45	3	2	180
515	J.L	1164	49.7	2	2	179
516	J.L	1430	28.1	5	2	491
517	J.L	1574	37.8	4	2	648
518	J.L	1574	31.2	3	2	647
519	J.L	1573	37	5	1	646
520	J.L	1567	40	5	1	639
521	J.L	1560	27.7	9	1	631
522	J.L	1563	49	7	1	634
523	J.L	1564	32.5	8	1	635
524	J.L	1568	46.2	4	1	640
525	J.L	1572	35.1	8	1	645
526	J.L	1045	55.8	10	1	47
527	J.L	1021	9.7	1	1	22
528	J.L	1044	42.2	7	1	46
529	J.L	1067	34	10	1	70
530	J.L	1026	52	6	1	27
531	J.L	1039	44.6	6	1	41
532	J.L	1043	40	10	1	45
533	J.L	1025	39.5	6	1	26
534	J.L	1024	37.4	7	1	25
535	J.L	1041	41.8	8	1	43
536	J.L	1023	52.4	5	1	24
537	J.L	1049	38.2	13	1	51
538	J.L	1022	39	8	1	23
539	J.L	1101	41	8	1	112
540	J.L	1322	28	2	2	364
541	J.L	1322	9	1	2	365
542	J.L	1322	39.5	4	2	363
543	J.L	1324	39.5	5	1	367
544	J.L	1319	30.6	8	1	360
545	J.L	1320	48.2	5	1	361
546	J.L	1323	45.5	3	1	366
547	J.L	1325	35	4	2	369
548	J.L	1325	34.7	6	2	368
549	J.L	1321	45	6	1	362
550	J.L	1327	65.5	6	1	371
551	J.L	1333	53.5	8	1	379
552	J.L	1332	30.5	5	2	377
553	J.L	1332	29.2	4	2	378
554	J.L	1302	29.5	7	2	340
555	J.L	1302	30.1	5	2	339
556	J.L	1329	36.5	3	2	374
557	J.L	1329	36.5	4	2	373
558	J.L	1313	49.5	7	1	353
559	J.L	1314	40.2	5	1	354
560	J.L	1442	33.5	6	1	504
561	J.L	1447	37	8	1	510
562	J.L	1448	27	7	1	511
563	J.L	1149	43.5	11	1	162
564	J.L	1427	40.7	9	1	488
565	J.L	1148	50.5	6	1	161
566	J.L	1425	29.5	3	2	485
567	J.L	1425	35	5	2	486
569	J.L	1126	42.5	11	1	138
570	J.L	1125	27.5	7	1	137
571	J.L	1124	40.8	9	1	136
572	J.L	1123	53.9	9	1	135
573	J.L	1122	45.7	9	1	134
574	J.L	1121	40.7	6	1	133
575	J.L	1120	42.6	5	1	132
576	J.L	1119	43.7	4	1	131
577	J.L	1118	38.1	9	1	130
578	J.L	1117	33.9	6	1	129
579	J.L	1373	19	1	1	424
580	J.L	1109	43	5	1	120
581	J.L	1111	34.6	4	2	123
582	J.L	1111	34.3	1	2	122
583	J.L	1112	49.9	4	1	124
584	J.L	1138	44.5	5	1	151
585	J.L	1136	41.7	6	1	149
586	J.L	1135	39.8	6	1	148
587	J.L	1134	23.2	10	1	146
588	J.L	1134	0	1	2	147
589	J.L	1309	39.5	6	1	348
590	J.L	1133	13	10	1	145
591	J.L	1263	49	3	2	292
592	J.L	1263	55.5	2	2	293
593	J.L	1315	9.2	1	1	355
594	J.L	1132	50.7	8	1	144
595	J.L	1131	35.7	6	1	143
596	J.L	1130	46.5	7	1	142
597	J.L	1129	33.1	5	1	141
598	J.L	1370	44	5	1	419
599	J.L	1368	40.5	5	1	417
600	C.D	1031	38.4	7	1	33
601	C.D	1030	48.3	5	1	32
602	C.D	1046	37.7	7	1	48
603	C.D	1047	55.9	7	1	49
604	C.D	1029	37.8	5	2	31
605	C.D	1048	22.4	12	1	50
606	C.D	1029	30.2	4	2	30
607	C.D	1028	48.1	5	1	29
608	C.D	1042	46.4	8	1	44
609	C.D	1050	49.5	4	1	52
610	C.D	1027	35.1	6	1	28
611	C.D	1040	44.4	7	1	42
612	C.D	1051	66.3	5	2	53
613	C.D	1051	41.1	3	2	54
614	C.D	1102	40	4	1	113
615	C.D	1052	44.6	6	1	55
616	C.D	1045	55.9	8	1	47
617	C.D	1021	11.7	3	1	22
618	C.D	1039	44.8	6	1	41
619	C.D	1022	38.6	5	1	23
620	C.D	1044	42.8	8	1	46
621	C.D	1067	34	12	1	70
622	C.D	1026	52.2	10	1	27
623	C.D	1043	40.1	10	1	45
624	C.D	1101	40.8	10	1	112
625	C.D	1041	41.6	8	1	43
626	C.D	1023	52.5	7	1	24
627	C.D	1025	52.7	8	1	26
628	C.D	1024	50.3	8	1	25
629	C.D	1049	38.1	15	1	51
630	C.D	1322	39.3	4	2	363
631	C.D	1322	28.4	3	2	364
632	C.D	1322	11.4	1	2	365
633	C.D	1324	39.5	5	1	367
634	C.D	1319	31.1	7	1	360
635	C.D	1320	48.8	5	1	361
636	C.D	1323	45.7	4	1	366
637	C.D	1325	35	5	2	369
638	C.D	1325	34.4	5	2	368
639	C.D	1321	44.7	8	1	362
640	C.D	1327	65.8	7	1	371
641	C.D	1333	53.2	6	1	379
642	C.D	1332	29.2	4	2	378
643	C.D	1332	30.8	5	2	377
644	C.D	1302	29.4	6	2	340
645	C.D	1302	30.2	6	2	339
646	C.D	1329	29.3	2	2	374
647	C.D	1329	36.9	6	2	373
648	C.D	1313	49.8	8	1	353
649	C.D	1314	40.2	5	1	354
650	C.D	1312	44.7	3	1	351
651	C.D	1312	24.1	2	2	352
652	C.D	1310	33.7	11	1	349
653	C.D	1311	43.9	8	1	350
654	C.D	1305	22.4	4	1	343
655	C.D	1399	27.2	7	1	453
656	C.D	1301	59.2	4	1	338
657	C.D	1326	32.1	9	1	370
658	C.D	1262	41.1	5	1	291
659	C.D	1261	43.7	9	1	290
660	C.D	1260	47.6	14	1	289
661	C.D	1259	48.3	8	1	288
662	C.D	1258	49.4	9	1	287
663	C.D	1256	34.6	1	2	284
664	C.D	1256	65.2	5	2	285
665	C.D	1253	51.6	6	1	281
666	C.D	1442	33.8	6	1	504
667	C.D	1447	37	7	1	510
668	C.D	1448	26.9	7	1	511
669	C.D	1380	38.8	4	1	431
670	C.D	1150	50.6	5	1	163
671	C.D	1149	43.6	12	1	162
672	C.D	1148	50.7	7	1	161
673	C.D	1147	51.5	4	1	160
674	C.D	1146	36.2	11	1	159
675	C.D	1427	41	9	1	488
676	C.D	1425	36.2	5	2	485
677	C.D	1425	35.5	4	2	486
678	C.D	1417	20.6	8	1	475
679	C.D	1426	30	14	1	487
680	C.D	1428	38.9	9	1	489
681	C.D	1429	48	8	1	490
682	C.D	1430	28	5	2	491
683	C.D	1430	43.4	3	2	492
684	C.D	1431	28.7	7	1	493
685	C.D	1566	40.8	6	1	638
686	C.D	1163	48.1	11	1	178
687	C.D	1164	49.1	2	2	179
688	C.D	1164	44.1	3	2	180
689	C.D	1574	42.4	4	2	648
690	C.D	1574	31.4	3	2	647
691	C.D	1573	37.1	5	1	646
692	C.D	1567	40.2	6	1	639
693	C.D	1568	46.2	4	1	640
694	C.D	1560	27.9	9	1	631
695	C.D	1563	49	7	1	634
696	C.D	1572	35.2	8	1	645
697	C.D	1564	32.3	9	1	635
698	C.D	1606	41.3	4	1	684
699	C.D	1700	35.1	6	1	704
700	C.D	1607	32.7	7	1	685
701	C.D	1612	29.6	7	1	690
702	C.D	1617	24.8	10	1	695
703	C.D	1609	28.5	4	1	687
704	C.D	1608	31.1	8	1	686
705	C.D	1592	33.8	7	1	669
706	C.D	1580	26.5	7	1	654
707	C.D	1581	31.9	12	1	655
708	C.D	1583	30.2	7	1	658
709	C.D	1585	29.6	9	1	660
710	C.D	1593	36.6	5	1	670
711	C.D	1594	33.1	8	1	671
712	C.D	1491	45.9	7	1	556
713	C.D	1479	37	9	1	544
714	C.D	1514	42.3	5	1	584
715	C.D	1480	46.2	7	1	545
716	C.D	1482	35.9	10	1	547
717	C.D	1481	35.1	6	1	546
718	C.D	1483	48	11	1	548
719	C.D	1485	43.6	10	1	550
720	C.D	1484	36.4	4	1	549
721	C.D	1486	43.3	4	1	551
722	C.D	1487	35.5	5	1	552
723	C.D	1490	51.7	6	1	555
724	C.D	1488	46.5	7	1	553
725	C.D	1462	38.9	4	1	526
726	C.D	1179	39.8	10	1	198
727	C.D	1178	30.2	11	1	197
728	C.D	1177	36.3	12	1	196
729	C.D	1176	55.7	9	1	195
730	C.D	1175	52.4	5	1	194
731	C.D	1174	41.9	6	1	193
732	C.D	1173	35.4	8	1	192
733	C.D	1172	43.4	4	1	191
735	C.D	1171	49.9	7	2	190
736	C.D	1170	41.5	4	2	188
737	C.D	1170	29.1	5	2	187
738	C.D	1169	37.8	8	1	186
739	C.D	1168	43.7	10	1	185
740	C.D	1167	35.3	5	2	183
741	C.D	1167	37	9	2	184
742	C.D	1166	35.4	6	1	182
743	C.D	1193	21.7	5	1	213
744	C.D	1192	45.5	5	1	212
745	C.D	1191	40.8	10	1	211
746	C.D	1190	49.8	4	1	210
747	C.D	1189	41.3	9	1	209
748	C.D	1188	40.6	5	1	208
749	C.D	1187	40.5	5	1	207
750	C.D	1186	41.9	11	1	206
751	C.D	1185	31.1	4	2	205
752	C.D	1185	36.6	8	2	204
753	C.D	1184	43.2	9	1	203
755	C.D	1182	42.2	7	1	201
756	C.D	1181	33.5	9	1	200
757	C.D	1180	46.1	6	1	199
758	C.D	1207	41.3	5	1	231
759	C.D	1206	57.5	9	1	230
760	C.D	1205	46.7	4	2	229
761	C.D	1205	56.9	4	2	228
762	C.D	1204	58.9	8	1	227
763	C.D	1203	34.1	4	2	225
764	C.D	1203	43.4	3	2	226
765	C.D	1202	47.5	9	1	224
766	C.D	1201	45.2	9	1	223
767	C.D	1351	36.9	5	1	400
768	C.D	1350	39.6	8	1	399
769	C.D	1352	50.4	4	1	401
770	C.D	1353	38.5	8	1	402
771	C.D	1355	44.4	6	1	404
772	C.D	1354	36.6	10	1	403
773	C.D	1356	41.7	6	1	405
774	C.D	1348	37.1	7	1	397
775	C.D	1347	40.7	7	1	396
776	C.D	1349	37.7	6	1	398
777	C.D	1357	33.4	10	1	406
778	C.D	1364	37	10	1	413
779	C.D	1358	36.1	6	1	407
780	C.D	1346	43	5	2	394
781	C.D	1346	44.8	3	2	395
782	C.D	1398	31.5	6	2	452
783	C.D	1398	4	2	2	451
784	C.D	1401	34.5	6	1	455
785	C.D	1394	43.8	5	1	447
786	C.D	1391	38.2	6	1	444
787	C.D	1389	30.1	7	1	442
788	C.D	1395	26.7	8	1	448
789	C.D	1397	37.2	8	1	450
790	C.D	1396	50.6	8	1	449
791	C.D	1387	36.1	11	2	439
792	C.D	1387	23.9	4	2	440
793	C.D	1406	9.8	2	2	461
794	C.D	1406	27.3	6	2	462
795	C.D	1403	33.7	4	2	458
796	C.D	1403	32.2	6	2	457
797	C.D	1388	45.3	5	1	441
798	C.D	1390	29.1	9	1	443
799	C.D	1393	43	9	1	446
800	D.J.D	1103	32.9	9	1	114
801	D.J.D	1038	59.5	10	1	40
802	D.J.D	1104	39.3	3	1	115
803	D.J.D	1105	48.2	9	1	116
804	D.J.D	1037	38.9	6	1	39
805	D.J.D	1036	44.6	4	1	38
806	D.J.D	1053	52.8	6	1	56
807	D.J.D	1106	50.7	7	1	117
808	D.J.D	1107	39.6	4	1	118
809	D.J.D	1108	40.4	7	1	119
810	D.J.D	1110	39.5	7	1	121
811	D.J.D	1035	44.6	9	1	37
812	D.J.D	1034	35.5	6	1	36
813	D.J.D	1033	34.8	10	1	35
814	D.J.D	1032	46.1	5	1	34
815	D.J.D	1059	58.6	4	1	62
816	D.J.D	1060	47	8	1	63
817	D.J.D	1056	50.7	5	1	59
818	D.J.D	1057	46.4	6	1	60
819	D.J.D	1061	36.3	11	1	64
820	D.J.D	1055	40.7	10	1	58
821	D.J.D	1058	38.1	7	1	61
822	D.J.D	1054	42.1	9	1	57
823	D.J.D	1062	53.4	5	1	65
824	D.J.D	1063	41.1	8	1	66
825	D.J.D	1066	51.4	5	1	69
826	D.J.D	1065	40.8	8	1	68
827	D.J.D	1064	35.6	6	1	67
828	D.J.D	1276	38.3	8	2	309
829	D.J.D	1276	27.5	7	2	308
830	D.J.D	1277	37.8	9	1	310
831	D.J.D	1264	15.5	4	1	294
833	D.J.D	1318	36.4	7	1	358
834	D.J.D	1317	46.5	7	1	357
835	D.J.D	1304	35.5	11	1	342
836	D.J.D	1316	32.6	6	1	356
837	D.J.D	1306	36.4	8	2	344
838	D.J.D	1306	29	4	2	345
839	D.J.D	1307	44	6	1	346
840	D.J.D	1308	42.5	7	1	347
841	D.J.D	1252	53.7	6	1	280
842	D.J.D	1251	49.2	7	1	279
843	D.J.D	1250	64.4	6	1	278
844	D.J.D	1267	61.9	6	1	297
845	D.J.D	1266	57.4	3	1	296
846	D.J.D	1265	65.5	7	1	295
847	D.J.D	1303	38.1	5	1	341
848	D.J.D	1152	48	7	1	165
849	D.J.D	1153	29.6	3	2	167
850	D.J.D	1153	46	7	2	166
851	D.J.D	1154	13.3	1	1	168
852	D.J.D	1155	49.4	6	1	169
853	D.J.D	1141	32.7	8	1	154
854	D.J.D	1142	41	13	1	155
855	D.J.D	1156	38.1	9	1	170
856	D.J.D	1143	46.5	7	1	156
857	D.J.D	1144	41.7	8	1	157
858	D.J.D	1157	42.8	9	2	171
859	D.J.D	1157	18.7	2	2	172
860	D.J.D	1145	46.4	5	1	158
861	D.J.D	1463	34.5	6	1	527
862	D.J.D	1461	28.5	7	1	525
863	D.J.D	1456	29.1	9	1	519
866	D.J.D	1459	17.8	3	1	522
867	D.J.D	1458	39.5	4	1	521
868	D.J.D	1457	35.9	7	1	520
869	D.J.D	1455	39.9	7	1	518
870	D.J.D	1444	24.8	6	1	507
871	D.J.D	1454	40.9	6	1	517
872	D.J.D	1443	44	4	2	506
873	D.J.D	1453	28	3	1	516
874	D.J.D	1443	13.5	1	2	505
875	D.J.D	1096	29.4	5	1	107
876	D.J.D	1452	32	9	1	515
877	D.J.D	1477	53.3	7	1	542
878	D.J.D	1476	39.6	7	1	541
879	D.J.D	1473	31.8	6	1	538
880	D.J.D	1469	47.6	6	1	534
881	D.J.D	1475	47.3	5	1	540
882	D.J.D	1470	33.2	8	1	535
883	D.J.D	1468	29.8	14	1	533
884	D.J.D	1467	44.9	5	1	532
885	D.J.D	1472	41.6	7	1	537
886	D.J.D	1466	40.3	7	1	531
887	D.J.D	1465	39	11	1	530
888	D.J.D	1474	40.3	5	1	539
889	D.J.D	1464	35.2	4	2	529
890	D.J.D	1464	56.1	4	2	528
891	D.J.D	1512	18.5	2	2	581
892	D.J.D	1512	29.4	8	2	582
893	D.J.D	1588	23.2	1	2	665
894	D.J.D	1588	21.6	3	2	664
895	D.J.D	1586	31.7	6	1	661
896	D.J.D	1587	7.9	1	2	663
897	D.J.D	1587	36.2	5	2	662
898	D.J.D	1582	22.7	4	2	656
899	D.J.D	1582	26	6	2	657
900	D.J.D	1605	29.6	8	1	683
901	D.J.D	1604	32.5	5	2	681
902	D.J.D	1604	37.4	3	2	682
903	D.J.D	1603	32.7	8	1	680
904	D.J.D	1531	47.7	7	1	601
905	D.J.D	1532	45.8	7	1	602
906	D.J.D	1533	33.2	5	1	603
907	D.J.D	1537	44.3	7	1	607
908	D.J.D	1525	31.9	10	1	595
909	D.J.D	1589	52.4	6	1	666
910	D.J.D	1600	36.9	4	1	677
911	D.J.D	1516	39	6	1	586
912	D.J.D	1515	33.2	7	1	585
913	D.J.D	1517	38	8	1	587
915	D.J.D	1518	22	6	1	588
916	D.J.D	1519	40.4	6	1	589
917	D.J.D	1520	41.1	5	1	590
918	D.J.D	1521	33.3	5	1	591
919	D.J.D	1522	37	5	1	592
920	D.J.D	1524	47.2	5	1	594
921	D.J.D	1494	43.1	8	1	559
922	D.J.D	1414	37	5	1	471
923	D.J.D	1527	36.8	9	1	597
924	D.J.D	1529	41.3	7	1	599
926	D.J.D	1528	27.5	4	2	598
927	D.J.D	1419	34.9	3	1	477
928	D.J.D	1530	39.2	6	1	600
929	D.J.D	1498	30.6	3	2	563
930	D.J.D	1498	35	7	2	564
931	D.J.D	1413	48.4	6	1	470
932	D.J.D	1418	42.3	7	1	476
933	D.J.D	1411	46.3	5	1	468
934	D.J.D	1408	32.4	11	1	465
935	D.J.D	1409	43.3	4	1	466
936	D.J.D	1407	26.5	5	2	464
937	D.J.D	1407	19.4	7	2	463
938	D.J.D	1499	30	8	1	565
939	D.J.D	1392	35.1	5	1	445
940	D.J.D	1405	56.3	7	1	460
941	D.J.D	1385	45	6	1	437
942	D.J.D	1404	45.4	4	1	459
943	D.J.D	1402	40.2	7	1	456
944	D.J.D	1386	31.4	8	1	438
945	D.J.D	1384	25.9	3	2	435
946	D.J.D	1384	39.6	3	2	436
947	D.J.D	1383	32.4	9	1	434
948	D.J.D	1378	33.9	6	1	429
949	D.J.D	1379	42.1	9	1	430
950	D.J.D	1377	29.3	11	1	428
951	D.J.D	1376	35.5	6	1	427
952	D.J.D	1374	39.3	7	1	425
953	D.J.D	1371	38.9	5	2	420
954	D.J.D	1371	37.6	3	2	421
955	D.J.D	1369	28	8	1	418
956	D.J.D	1381	48.5	5	1	432
957	D.J.D	1375	33.4	6	1	426
958	D.J.D	1372	41.8	8	2	422
959	D.J.D	1372	25.6	3	2	423
960	D.J.D	1359	28.4	6	1	408
961	D.J.D	1360	59.4	5	1	409
962	D.J.D	1361	54	3	1	410
963	D.J.D	1362	32	9	1	411
964	D.J.D	1363	43.5	5	1	412
965	D.J.D	1365	36.4	9	1	414
966	D.J.D	1367	39.7	5	1	416
967	D.J.D	1366	39.6	4	1	415
968	D.J.D	1113	45.3	7	1	125
969	D.J.D	1114	44	5	1	126
970	D.J.D	1127	40	6	1	139
971	D.J.D	1115	37	4	1	127
972	D.J.D	1128	49.5	6	1	140
973	D.J.D	1116	51.9	5	1	128
974	D.J.D	1304	35.5	8	1	342
975	D.J.D	1452	32.1	9	1	515
976	D.J.D	1096	29.4	5	1	107
977	D.J.D	1157	43.2	10	2	171
978	D.J.D	1157	18.9	3	2	172
979	D.J.D	1145	46.4	6	1	158
980	D.J.D	1144	41.9	8	1	157
981	D.J.D	1453	27.9	5	1	516
982	D.J.D	1143	46.7	7	1	156
983	D.J.D	1156	38.4	9	1	170
984	D.J.D	1142	40.3	15	1	155
985	D.J.D	1443	13.3	1	2	505
986	D.J.D	1443	44	4	2	506
987	D.J.D	1454	41	7	1	517
988	D.J.D	1444	24.2	6	1	507
989	D.J.D	1141	33	8	1	154
990	D.J.D	1455	40.1	8	1	518
991	D.J.D	1457	36.1	8	1	520
992	D.J.D	1155	49.9	6	1	169
993	D.J.D	1154	13.3	1	1	168
994	D.J.D	1458	39.6	5	1	521
995	D.J.D	1316	32.6	6	1	356
996	D.J.D	1153	46.3	8	2	166
997	D.J.D	1153	30	3	2	167
998	D.J.D	1459	17.5	3	1	522
999	D.J.D	1317	46.5	7	1	357
1000	D.J.D	1303	38.1	5	1	341
1001	D.J.D	1265	65.4	8	1	295
1002	D.J.D	1266	55.1	3	1	296
1003	D.J.D	1152	47.7	7	1	165
1004	D.J.D	1460	30.6	4	1	524
1005	D.J.D	1460	25.1	7	1	523
1006	D.J.D	1456	29.3	8	1	519
1008	D.J.D	1318	31.3	4	1	359
1009	D.J.D	1264	15.6	4	1	294
1010	D.J.D	1461	28	7	1	525
1011	D.J.D	1463	34.5	8	1	527
1012	D.J.D	1277	37.7	9	1	311
1013	D.J.D	1276	27.3	7	2	308
1014	D.J.D	1276	38.4	8	2	309
1015	M.H	1100	41.8	1	1	111
1016	M.H	1001	25.1	3	2	2
1017	M.H	1001	29.4	6	2	1
1018	M.H	1002	33.2	5	1	3
1019	M.H	1003	37.2	7	1	4
1020	M.H	1004	33.5	5	1	5
1021	M.H	1005	43.6	6	1	6
1022	M.H	1006	34.2	8	1	7
1023	M.H	1007	33.1	6	1	8
1024	M.H	1008	33.6	8	1	9
1025	M.H	1095	16.2	4	1	106
1026	M.H	1009	42.9	10	1	10
1027	M.H	1010	42.2	7	1	11
1028	M.H	1011	46.7	7	1	12
1029	M.H	1012	41.9	6	1	13
1030	M.H	1014	46.3	5	1	15
1031	M.H	1015	31.3	6	1	16
1032	M.H	1016	41.7	10	1	17
1033	M.H	1017	46.1	7	1	18
1034	M.H	1018	36.6	7	1	19
1035	M.H	1019	42.6	6	1	20
1036	M.H	1020	48.1	6	1	21
1037	M.H	1098	38	10	1	109
1038	M.H	1097	46.7	8	1	108
1039	M.H	1151	42.4	5	1	164
1040	M.H	1013	43	8	1	14
1041	M.H	1092	42.2	6	1	102
1042	M.H	1093	31.5	13	1	103
1043	M.H	1094	51.5	7	2	105
1044	M.H	1094	29.7	9	2	104
1045	M.H	1090	36.6	8	1	100
1046	M.H	1091	40.8	9	1	101
1047	M.H	1089	31.6	5	2	98
1048	M.H	1089	37	3	2	99
1049	M.H	1088	36	7	1	97
1050	M.H	1087	44.1	9	1	96
1051	M.H	1099	29.2	12	1	110
1052	M.H	1086	36.3	6	2	95
1053	M.H	1086	34	6	2	94
1054	M.H	1085	40.2	8	1	93
1055	M.H	1084	54.5	5	1	92
1056	M.H	1083	31.5	16	1	91
1057	M.H	1082	36.6	3	2	89
1058	M.H	1082	51.7	5	2	90
1059	M.H	1081	47.4	5	1	88
1060	M.H	1080	36.9	12	2	87
1061	M.H	1079	50.4	6	1	85
1062	M.H	1078	41.8	5	1	84
1063	M.H	1077	47.4	5	1	83
1064	M.H	1076	46.6	9	1	82
1065	M.H	1075	41.4	7	1	81
1066	M.H	1074	33.9	6	2	79
1067	M.H	1074	31.3	4	2	80
1068	M.H	1073	40	9	1	78
1069	M.H	1072	49.5	4	1	77
1070	M.H	1071	38	5	2	75
1071	M.H	1071	24.7	5	2	76
1072	M.H	1070	32.3	4	2	74
1073	M.H	1070	39.9	5	2	73
1074	M.H	1069	51.6	6	1	72
1075	M.H	1068	38.9	10	1	71
1076	M.H	1080	14.2	1	2	86
1077	M.H	1553	37	6	1	623
1078	M.H	1551	47.1	8	1	621
1079	M.H	1547	31.4	9	1	617
1080	M.H	1412	30.7	10	1	469
1081	M.H	1500	25	9	1	566
1082	M.H	1410	34	6	1	467
1083	M.H	1539	45.1	8	1	609
1084	M.H	1540	51.5	5	1	610
1085	M.H	1541	58.8	6	1	611
1086	M.H	1505	37.4	5	1	572
1087	M.H	1542	37	7	1	612
1088	M.H	1543	39.4	5	1	613
1089	M.H	1506	34.4	1	2	574
1090	M.H	1544	39.4	7	1	614
1091	M.H	1545	25.3	11	1	615
1092	M.H	1507	40.3	4	1	576
1093	M.H	1546	33.4	7	1	616
1094	M.H	1506	34.7	2	2	575
1095	M.H	1506	24.7	1	2	573
1096	M.H	1599	38.3	4	1	676
1097	M.H	1595	40.6	4	1	672
1098	M.H	1526	38.9	8	1	596
1099	M.H	1523	40.4	6	1	593
1100	M.H	1504	31.8	9	1	571
1101	M.H	1503	23.8	4	2	569
1102	M.H	1502	31.3	8	1	568
1103	M.H	1534	40.3	5	1	604
1104	M.H	1535	35.4	4	1	605
1105	M.H	1536	46.1	11	1	606
1106	M.H	1538	43.8	5	1	608
1107	M.H	1548	34.4	9	1	618
1108	M.H	1549	31.1	12	1	619
1109	M.H	1550	44.8	5	1	620
1110	M.H	1596	31.9	3	1	673
1111	M.H	1597	33.8	5	1	674
1112	M.H	1598	49.3	4	1	675
1113	M.H	1602	31.8	10	1	679
1114	M.H	1601	32.7	5	1	678
1115	M.H	1590	41.3	6	1	667
1116	M.H	1591	33	8	1	668
1117	M.H	1503	31.3	6	2	570
1118	M.H	1569	45	4	2	641
1119	M.H	1570	31.7	9	1	643
1120	M.H	1584	22.5	11	1	659
1121	M.H	1571	27.5	7	1	644
1122	M.H	1575	27.9	7	1	649
1123	M.H	1576	28.2	7	1	650
1124	M.H	1577	28.1	10	1	651
1125	M.H	1578	31.3	6	1	652
1126	M.H	1579	21.5	16	1	653
1127	M.H	1618	32	9	1	696
1128	M.H	1616	32.3	5	1	694
1129	M.H	1631	16.8	2	1	703
1130	M.H	1620	26	4	1	698
1131	M.H	1622	17	4	1	700
1132	M.H	1569	17.5	3	2	642
1133	M.H	1140	44.7	4	1	153
1134	M.H	1137	44.8	8	1	150
1135	M.H	1341	43.7	7	1	387
1136	M.H	1279	42.9	5	1	312
1137	M.H	1281	36.5	8	1	314
1138	M.H	1300	33.8	4	2	336
1139	M.H	1300	29.1	4	2	337
1140	M.H	1287	36.4	6	1	321
1141	M.H	1284	37.4	4	1	317
1142	M.H	1298	28.8	11	1	334
1143	M.H	1286	33.3	6	1	320
1144	M.H	1296	28.4	5	1	332
1145	M.H	1293	23.8	6	2	328
1146	M.H	1293	32.6	7	2	329
1147	M.H	1292	51.1	4	1	327
1148	M.H	1291	35.2	5	1	326
1149	M.H	1382	35.7	7	1	433
1150	M.H	1139	37.5	7	1	152
1151	M.H	1278	38.5	10	1	312
1152	M.H	1280	41.3	9	1	313
1153	M.H	1282	26.5	9	1	315
1154	M.H	1283	39	12	1	316
1155	M.H	1299	45.5	8	1	335
1156	M.H	1285	36.9	3	2	319
1157	M.H	1285	43.5	6	2	318
1158	M.H	1297	34.6	7	1	333
1159	M.H	1288	48.5	8	1	322
1160	M.H	1295	36.6	8	1	331
1161	M.H	1294	31.4	7	1	330
1162	M.H	1289	10	2	1	323
1163	M.H	1290	31.4	8	2	324
1164	M.H	1290	21	1	2	325
1165	M.H	1165	47.3	10	1	181
1166	M.H	1334	43.4	7	1	380
1167	M.H	1331	34	9	1	376
1168	M.H	1335	48.8	8	1	381
1169	M.H	1336	41.5	6	1	382
1170	M.H	1337	45.9	5	1	383
1171	M.H	1338	40.9	3	1	384
1172	M.H	1339	45.3	7	1	385
1173	M.H	1400	35.5	15	1	454
1174	M.H	1340	40.2	8	1	386
1175	M.H	1342	39.8	7	2	388
1176	M.H	1342	36.1	3	2	389
1177	M.H	1343	41.2	6	2	391
1178	M.H	1343	41.5	2	2	390
1179	M.H	1345	45.2	4	1	393
1180	M.H	1344	37.3	6	1	392
1181	M.H	1471	34.6	9	1	536
1182	M.H	1497	20.9	7	1	562
1183	M.H	1478	44.1	7	1	543
1184	M.H	1493	39	7	1	558
1185	M.H	1489	47.2	5	1	554
1186	M.H	1496	39	4	1	561
1187	M.H	1508	33.5	8	1	577
1188	M.H	1492	35.7	7	1	557
1189	M.H	1495	50	5	1	560
1190	M.H	1509	39.2	5	1	578
1191	M.H	1510	38.5	7	1	579
1192	M.H	1511	43.4	6	1	580
1193	M.H	1501	45.6	6	1	567
1194	M.H	1513	44.3	7	1	583
1195	M.H	1208	20.7	3	1	232
1196	M.H	1209	45.4	6	1	233
1197	M.H	1210	42	16	1	234
1198	M.H	1211	46.2	7	1	235
1199	M.H	1212	41.1	3	1	236
1200	M.H	1213	31.4	3	2	238
1201	M.H	1213	47	4	2	237
1202	M.H	1214	31.5	5	1	239
1203	M.H	1215	29	11	1	240
1204	M.H	1216	22	3	2	242
1205	M.H	1216	42.5	8	2	241
1206	M.H	1217	45	6	1	243
1207	M.H	1218	30	10	1	244
1208	M.H	1219	61.5	5	1	245
1209	M.H	1220	45.3	7	1	246
1210	M.H	1221	38.2	7	1	247
1211	M.H	1194	44.9	6	1	214
1212	M.H	1195	30	5	2	216
1213	M.H	1195	33	2	2	215
1214	M.H	1196	38.4	7	1	217
1215	M.H	1197	45.4	5	1	218
1216	M.H	1198	39.2	6	1	219
1217	M.H	1199	29	4	2	220
1218	M.H	1199	4.5	3	2	221
1219	M.H	1200	46.3	3	1	222
1220	M.T	1138	44.7	5	1	151
1221	M.T	1136	41.8	6	1	149
1222	M.T	1135	39.9	6	1	148
1223	M.T	1134	9	10	2	147
1224	M.T	1134	24.2	1	1	146
1225	M.T	1309	39.6	6	1	348
1226	M.T	1133	14.1	12	1	145
1227	M.T	1263	56.1	2	2	293
1228	M.T	1263	49	4	2	292
1229	M.T	1315	8.9	7	1	355
1230	M.T	1132	50.8	7	1	144
1231	M.T	1131	35.6	7	1	143
1232	M.T	1130	46.3	5	1	142
1233	M.T	1129	36.5	5	1	141
1234	M.T	1128	49.5	7	1	140
1235	M.T	1127	39.9	6	1	139
1236	M.T	1126	42.6	10	1	138
1237	M.T	1125	30.9	6	1	137
1238	M.T	1124	41.1	9	1	136
1239	M.T	1123	54	8	1	135
1240	M.T	1122	45.4	8	1	134
1241	M.T	1121	40.9	6	1	133
1242	M.T	1120	42.1	5	1	132
1243	M.T	1119	43.7	4	1	131
1244	M.T	1118	38.3	6	1	130
1245	M.T	1117	34.3	5	1	129
1246	M.T	1116	51.9	5	1	128
1247	M.T	1115	36.9	4	1	127
1248	M.T	1114	44.2	5	1	126
1249	M.T	1113	45.2	8	1	125
1250	M.T	1112	59.6	4	1	124
1251	M.T	1111	55.1	4	2	123
1252	M.T	1111	19.3	1	2	122
1253	M.T	1109	43.5	4	1	120
1254	M.T	1359	28.5	7	1	408
1255	M.T	1360	59.3	6	1	409
1256	M.T	1361	54.5	3	1	410
1257	M.T	1362	31.5	9	1	411
1258	M.T	1363	42	5	1	412
1259	M.T	1365	36.5	9	1	414
1260	M.T	1367	39.8	6	1	416
1261	M.T	1366	39.7	5	1	415
1262	M.T	1368	40.3	5	1	417
1263	M.T	1370	43.9	4	1	419
1264	M.T	1373	21.2	1	1	424
1265	M.T	1372	25.6	3	2	423
1266	M.T	1372	41.7	8	2	422
1267	M.T	1375	33.8	7	1	426
1268	M.T	1381	48.5	5	1	432
1269	M.T	1369	28.2	8	1	418
1270	M.T	1371	37.8	4	2	421
1271	M.T	1371	38.9	4	2	420
1272	M.T	1374	39.2	7	1	425
1273	M.T	1376	35.3	6	1	427
1274	M.T	1377	29.1	10	1	428
1275	M.T	1379	42.1	10	1	430
1276	M.T	1378	34.3	5	1	429
1277	M.T	1383	32.6	9	1	434
1278	M.T	1384	26	2	2	435
1279	M.T	1384	39.7	3	2	436
1280	M.T	1386	31.5	9	1	438
1281	M.T	1402	40	7	1	456
1282	M.T	1404	45.3	4	1	459
1283	M.T	1385	45	5	1	437
1284	M.T	1405	56.1	7	1	460
1285	M.T	1392	35	5	1	445
1286	M.T	1499	30.2	8	1	565
1287	M.T	1407	27	5	2	464
1288	M.T	1407	20	7	2	463
1289	M.T	1409	43.2	5	1	466
1290	M.T	1408	32.5	9	1	465
1291	M.T	1411	46.3	6	1	468
1292	M.T	1418	42.1	9	1	476
1293	M.T	1413	48.1	7	1	470
1294	M.T	1498	35	6	2	564
1295	M.T	1498	30.8	3	2	563
1296	M.T	1419	34.9	3	1	477
1297	M.T	1414	37.2	4	1	471
1298	M.T	1516	39	6	1	586
1299	M.T	1515	28.5	7	1	585
1300	M.T	1517	37.8	10	1	587
1301	M.T	1518	22.2	9	1	588
1302	M.T	1519	46.3	6	1	589
1303	M.T	1520	41	5	1	590
1304	M.T	1521	33.8	5	1	591
1305	M.T	1522	37.5	5	1	592
1306	M.T	1524	47.3	5	1	594
1307	M.T	1494	43	8	1	559
1308	M.T	1527	37.7	9	1	597
1309	M.T	1529	41.5	7	1	599
1310	M.T	1528	27.6	6	1	598
1311	M.T	1530	39.8	8	1	600
1312	M.T	1531	47.6	6	1	601
1313	M.T	1533	33.2	6	1	603
1314	M.T	1532	46.4	7	1	602
1315	M.T	1537	44.1	8	1	607
1316	M.T	1525	31.4	10	1	595
1317	M.T	1589	52.5	6	1	666
1318	M.T	1600	36.7	4	1	677
1319	M.T	1103	32.9	10	1	114
1320	M.T	1605	29.1	9	1	683
1321	M.T	1105	48.1	6	1	116
1322	M.T	1106	54.1	7	1	117
1323	M.T	1582	22.5	5	2	656
1324	M.T	1582	25.9	7	2	657
1325	M.T	1587	7.6	1	2	663
1326	M.T	1587	36.1	4	2	662
1327	M.T	1108	40.3	7	1	119
1328	M.T	1104	39.3	3	1	115
1329	M.T	1036	44.5	4	1	38
1330	M.T	1035	44.4	10	1	37
1331	M.T	1586	31.5	6	1	661
1332	M.T	1059	58.5	4	1	62
1333	M.T	1588	21.8	5	2	664
1334	M.T	1588	23.1	1	2	665
1335	M.T	1037	38.7	5	1	39
1336	M.T	1107	39.4	5	1	118
1337	M.T	1060	47.1	11	1	63
1338	M.T	1110	39.4	6	1	121
1339	M.T	1604	37.5	3	2	682
1340	M.T	1604	32.5	6	2	681
1341	M.T	1056	50.4	5	1	59
1342	M.T	1603	32.5	7	1	680
1343	M.T	1032	46.3	5	1	34
1344	M.T	1057	46	7	1	60
1345	M.T	1033	35.2	9	1	35
1346	M.T	1053	52.7	7	1	56
1347	M.T	1477	52.3	7	1	542
1348	M.T	1034	35.6	6	1	36
1349	M.T	1476	39.3	7	1	541
1350	M.T	1473	31.7	8	1	538
1351	M.T	1469	47.5	6	1	534
1352	M.T	1475	47.5	7	1	540
1353	M.T	1061	36.2	10	1	64
1354	M.T	1038	59.2	8	1	40
1355	M.T	1055	40.6	8	1	58
1356	M.T	1470	33	10	1	535
1357	M.T	1468	29.5	14	1	533
1358	M.T	1058	38.1	5	1	61
1359	M.T	1054	42	9	1	57
1360	M.T	1062	53.5	5	1	65
1361	M.T	1063	40.7	7	1	66
1362	M.T	1467	44.7	6	1	532
1363	M.T	1066	51.4	5	1	69
1364	M.T	1065	40.9	9	1	68
1365	M.T	1064	35.5	5	1	67
1366	M.T	1512	25.2	8	2	582
1367	M.T	1512	29.4	2	2	581
1368	M.T	1472	41.6	5	1	537
1369	M.T	1466	40.1	7	1	531
1370	M.T	1474	40.6	5	1	539
1371	M.T	1465	38.9	8	1	530
1372	M.T	1464	55.5	5	2	528
1373	M.T	1464	35	4	2	529
1374	M.T	1267	62	5	1	297
1375	M.T	1250	64.2	5	1	278
1376	M.T	1251	49.3	7	1	279
1377	M.T	1252	53.4	8	1	280
1378	M.T	1308	42.8	6	1	347
1379	M.T	1307	43.9	6	1	346
1380	M.T	1306	29.1	4	2	345
1381	M.T	1306	36.3	6	2	344
1382	M.T	1606	41.3	4	1	684
1383	M.T	1700	35.1	7	1	704
1384	M.T	1607	32.8	5	1	685
1385	M.T	1612	29.6	6	1	690
1386	M.T	1609	38.8	4	1	687
1387	M.T	1617	25	8	1	695
1388	M.T	1608	31.3	6	1	686
1389	M.T	1426	30.4	14	1	487
1390	M.T	1417	20.6	9	1	475
1391	M.T	1380	38.6	4	1	431
1392	M.T	1150	50.6	5	1	163
1393	M.T	1147	51.5	5	1	160
1394	M.T	1428	39	8	1	489
1395	M.T	1146	36.4	10	1	159
1396	M.T	1312	44.7	4	2	351
1397	M.T	1312	24	1	2	352
1398	M.T	1310	33.8	8	1	349
1399	M.T	1301	58.7	3	1	338
1400	M.T	1326	32.1	9	1	370
1401	M.T	1259	48	9	1	288
1402	M.T	1262	40.9	6	1	291
1403	M.T	1260	47.6	12	1	289
1404	M.T	1311	45.4	8	1	350
1405	M.T	1258	49.3	7	1	287
1406	M.T	1261	43.6	8	1	290
1407	M.T	1305	23.7	4	1	343
1408	M.T	1399	27.3	9	1	453
1409	M.T	1253	51.5	7	1	281
1410	M.T	1256	54.9	1	2	284
1411	M.T	1256	65.2	4	2	285
