TILL122	HT122	TILL155	HT155	TILL187	HT187	TILL222	HT222	TILL264	HT264	TILL332	HT332	TILL412	HT412	Tiller_Number	Tiller	id
NA	NA	NA	NA	1	2.3	1	7	2	7.6	5	10.3	4	7.7	NA	NA	1
2	1.8	2	2.5	2	2.5	2	3.6	3	4.1	NA	NA	NA	NA	NA	NA	2
NA	NA	NA	NA	1	2.9	3	4.1	4	5.1	7	6.6	NA	NA	45	52.4	3
3	4.2	2	4.2	3	4.2	4	4.2	4	5	5	8.4	NA	NA	52	49.8	4
2	1.4	1	3.4	1	4.2	2	4.6	NA	NA	NA	NA	NA	NA	25	49.1	5
1	0.2	1	1.9	1	4.7	3	10	11	20.5	21	22.5	23	21.3	NA	NA	6
2	3.6	2	4.1	2	5.2	4	11.3	7	12	12	12	12	11.4	66	45.9	7
NA	NA	1	2.1	1	5.2	3	15.2	7	22.5	9	25.4	13	25.6	39	44.9	8
NA	NA	NA	NA	1	5.8	3	16.3	13	30.9	28	33.9	36	33.9	26	44.7	9
NA	NA	NA	NA	1	6	2	7.7	5	11	9	14.3	8	14.2	34	44.3	10
3	2.8	2	3.7	3	6	NA	NA	NA	NA	NA	NA	NA	NA	19	44.2	11
3	5.1	1	5.8	1	6.2	2	7.2	4	9.1	7	10.3	6	10.3	5	44.1	12
2	4.3	1	5.7	1	6.5	2	5.5	NA	NA	NA	NA	NA	NA	48	44	13
2	3.8	1	5.2	2	6.9	NA	NA	18	24.8	NA	NA	NA	NA	3	42.2	14
3	2.5	1	5.4	2	6.9	2	7.7	NA	NA	NA	NA	NA	NA	6	40.5	15
NA	NA	NA	NA	1	7	1	14.5	4	17.3	6	17.5	4	9.8	27	40.3	16
2	6.7	1	7	1	7.1	3	7.1	4	7.3	6	7.8	5	8.4	6	40.1	17
1	0.5	1	7.3	1	7.3	4	13.4	11	25.7	21	30	22	30.9	48	40	18
NA	NA	1	5.4	2	7.4	3	16	8	19.4	14	20	19	20.3	1	39.9	19
3	7.5	1	7.5	2	7.5	NA	NA	NA	NA	NA	NA	NA	NA	1	39.4	20
2	3.1	1	5.7	2	7.7	3	10.6	3	12.8	8	13.5	8	10.2	38	39.3	21
NA	NA	1	5.4	4	7.9	5	15.6	16	28.3	29	31	39	30.5	4	39	22
3	3.6	1	5.7	3	8.1	4	9.5	9	13.6	13	13.7	10	11	27	38.6	23
3	3.8	2	6.2	3	8.6	3	10.3	3	13.1	NA	NA	NA	NA	45	38.3	24
3	5	2	8.4	3	8.6	4	12.2	7	15.8	6	16.1	4	15.1	7	38.3	25
2	3.2	2	6.8	4	9	7	9	12	19.7	29	21.1	24	20.9	3	38.2	26
2	4.8	1	8.1	3	9	4	18.6	12	26.8	20	26.8	19	25.4	3	37.8	27
3	4.8	2	7.6	3	9.1	4	10.6	5	11.7	7	12.3	4	12.8	19	37.6	28
2	2.7	2	4.4	2	9.1	NA	NA	NA	NA	NA	NA	NA	NA	3	37.6	29
2	2	1	6.8	3	9.3	4	10.5	7	13.4	8	13.4	6	12.6	4	37.4	30
1	0.5	1	9.2	3	9.4	4	9.4	NA	NA	14	26	15	25.6	1	37.2	31
3	4.2	1	6.8	3	9.6	5	10.8	14	13.4	21	14.4	22	12.4	41	37.1	32
2	2.7	2	6.3	4	9.6	8	18.5	21	27	26	28.5	26	29.5	29	37.1	33
2	5.3	1	5.5	3	9.7	7	20.6	17	24	24	26.1	24	25.6	18	37	34
2	5	1	8.7	2	9.9	4	9.9	NA	NA	NA	NA	NA	NA	38	36.8	35
1	3.8	1	4.7	3	10	6	15.2	14	19.1	22	21.7	NA	NA	37	36.8	36
3	3.3	2	6.2	5	10.1	5	11.7	9	15.5	13	15.5	8	17.2	22	36.5	37
2	1.8	2	5.5	4	10.3	4	13	8	19.2	10	21.7	11	21.4	39	36.4	38
2	4.5	1	7.7	3	10.4	4	16.1	7	16.1	9	16.1	8	13.6	22	36.3	39
3	5	2	7.5	4	10.6	6	11.9	10	15.4	15	15.7	19	16.4	50	36.2	40
3	4.2	1	7.1	3	10.6	7	17	13	19.2	20	19.4	16	18.5	3	36.2	41
3	5.5	3	8.3	4	10.8	4	12.7	8	13.8	14	13.8	12	13.8	87	36.1	42
1	1.7	2	3.3	2	10.8	3	15	9	23	11	28.1	13	27.5	3	36.1	43
3	4.2	2	10	3	10.8	NA	NA	NA	NA	NA	NA	NA	NA	33	35.9	44
2	8.8	2	11	6	11	7	11.7	8	19.5	9	19.9	10	15.2	5	35.6	45
2	6.9	1	6.9	3	11.2	7	13.7	17	21.2	19	21.7	22	22.8	27	35	46
1	1.5	1	7	4	11.3	6	14.5	25	23.3	31	23.8	38	23.1	22	35	47
3	3.5	2	8	3	11.5	9	16.3	16	22.3	38	25.3	40	25.5	2	34.8	48
2	5.7	1	8.6	2	11.8	3	18.8	4	21.9	6	21.9	15	24.6	34	34.6	49
2	7.1	2	9.3	3	11.8	7	17	14	31	21	31	22	30.5	32	34.5	50
2	2.5	1	8.6	3	12	5	23.7	15	37.6	25	41.1	29	39.6	2	33.2	51
3	7.2	4	11	7	12.1	9	14.5	19	20	31	20.1	37	20.3	30	33	52
3	7	4	10.1	8	12.1	10	19.7	27	27.1	43	27.4	47	26.7	17	32.4	53
2	2.6	1	7.8	3	12.3	4	16	28	32.2	15	22.1	15	23	70	32.3	54
3	4	3	8.9	4	12.4	5	12.4	6	12.4	2	12.4	NA	NA	38	32.3	55
2	5.6	2	7.6	3	12.4	4	14.2	8	18.9	8	19	5	18.6	10	32.2	56
3	6	3	9.4	5	12.4	8	23.1	21	24	38	24.1	47	22.2	1	32	57
2	9.4	2	10.4	3	12.5	5	15	11	18.5	19	18.9	13	17.6	1	31.8	58
3	4.4	3	8.8	4	12.5	5	16	11	18.6	15	21.4	15	20.8	28	31.4	59
3	6.4	3	9.5	5	12.6	10	21.4	20	26.3	32	31.6	41	31.9	61	31.2	60
2	2.9	2	9.9	3	12.7	5	12.8	10	19.5	15	19.6	8	17	15	31	61
3	5.5	1	9.6	3	13.4	4	23.3	10	26.8	17	26.9	15	26.8	49	30.8	62
3	5.5	2	8	2	13.5	3	24.5	12	30.5	16	34.4	14	34.6	23	30.7	63
3	5	3	8.4	5	13.6	10	15.9	23	19.6	48	22.7	63	22.4	8	30.7	64
3	6.2	4	11.2	6	13.6	10	20.6	31	20.1	37	27.3	43	27.5	18	30.6	65
1	1.8	1	8.2	3	13.6	6	21.8	19	31.7	21	33.8	19	33.2	3	30.6	66
3	6	3	11.6	5	13.7	5	15.2	10	15	15	15	NA	NA	2	30.6	67
4	4.5	4	9.2	7	13.7	11	20.9	22	27	39	31.1	49	30.2	35	30.5	68
3	5.5	3	9.4	3	13.8	NA	NA	6	19.9	8	20	9	14.6	3	30.4	69
3	7.7	3	11.7	5	13.9	6	14	6	17	NA	NA	NA	NA	47	30.3	70
3	5.5	2	11.8	4	14.1	4	16.5	6	22.1	NA	NA	4	12.7	2	30.3	71
2	4	3	8.5	4	14.2	8	17.4	14	23.7	17	26.1	20	26.3	93	30.2	72
1	0.5	1	9.7	3	14.2	8	18.6	21	25.6	31	28.8	32	25.6	57	30.2	73
4	6.7	3	13.1	4	14.5	6	17.1	11	23	19	23.1	22	18.4	37	30.2	74
4	7.4	4	14.5	6	14.5	9	23.1	22	28	36	28.9	45	27.8	19	30	75
2	5.2	3	12	4	14.6	5	16.8	6	18.7	12	18.7	8	18	1	29.6	76
3	6.3	4	13.4	5	14.6	6	19.1	12	19	13	19.1	8	19	29	29.3	77
2	6.2	3	10.1	3	14.6	5	17.2	18	23.5	25	27.7	35	27.5	17	29.3	78
5	4.6	4	7.3	6	14.7	8	18.8	21	22.5	33	23	22	22.7	1	29.3	79
3	7	3	11.7	5	14.7	7	17.3	10	26.2	11	29.3	12	28.2	2	29.1	80
3	5.7	4	11.9	5	14.7	7	24.5	29	31.6	32	38.7	38	37.6	12	29	81
2	6.4	2	6	5	14.8	8	20.7	23	28.1	50	33.6	53	33.3	10	29	82
2	7.2	3	14.2	3	14.8	NA	NA	NA	NA	NA	NA	NA	NA	34	28.8	83
3	6.6	4	12.1	9	14.9	9	17.5	NA	NA	NA	NA	9	24	4	28.6	84
2	5.1	3	12	5	15.1	5	19.8	12	27.6	25	27.6	30	27.6	18	28.4	85
1	3.7	1	7.4	2	15.1	4	22.1	12	33	21	33	28	33.1	40	28.3	86
3	7.6	3	12	4	15.3	8	25.1	22	33.7	43	34.9	46	33.8	35	28.3	87
3	6.1	3	14	8	15.4	14	21.5	32	26.7	38	29	35	29.6	32	28	88
2	3.4	NA	NA	1	15.5	3	21.8	10	29.2	24	30.3	30	27.7	11	28	89
2	5.2	2	8.5	3	15.6	5	18.8	14	25.1	20	25.5	25	35.1	1	27.7	90
3	4.5	3	9.1	4	15.6	5	22.3	20	25.4	36	27.2	38	25.3	9	27.5	91
3	7.8	3	11	5	15.6	8	26.8	27	34.3	34	39.1	41	39.7	28	27.4	92
3	3.9	3	12.8	6	15.7	7	27	12	28.6	17	30.6	21	33	1	27.4	93
1	3.5	1	8.8	4	15.8	7	20.2	20	28.9	36	29	43	28.9	51	27.1	94
3	5.3	2	13.9	3	16	7	19.9	10	22	19	22.5	NA	NA	16	27.1	95
3	5.6	2	11.1	4	16	5	18	12	25.7	30	26	38	27.8	9	27.1	96
3	3.6	3	10.5	3	16.2	6	20.5	10	20	NA	NA	NA	NA	24	26.9	97
3	4.8	3	10.4	5	16.3	7	21	22	34.1	27	34.1	24	29.4	49	26.7	98
3	4.5	3	9.1	7	16.4	12	21.4	18	23.1	37	29.2	46	27.2	17	26.7	99
2	3.3	2	8.6	3	16.5	6	25.3	15	29.4	29	29.4	33	20.5	12	26.6	100
3	4.8	2	9.4	4	16.5	7	19.8	26	32.7	40	34.7	52	35	32	26.5	101
2	6.3	2	8.3	4	16.5	6	29.1	16	35.7	26	36.6	27	31.2	16	26.5	102
3	6.4	3	11	3	16.6	4	19.1	17	20.9	9	23.3	6	23.1	15	26.5	103
3	8.7	2	15.4	4	16.6	8	18.1	14	22.4	26	24.8	NA	NA	22	26.4	104
3	3.6	1	8.7	13	16.6	4	23.3	8	26.7	15	28.2	14	33.2	3	26.4	105
3	7.7	3	13	4	16.6	4	21.9	15	32	29	37.8	42	36.9	1	25.9	106
2	3.8	2	10	3	16.7	7	23.6	18	30	34	30	39	28	23	25.7	107
4	10	3	15.7	5	17	5	21.1	9	21.3	13	29.1	11	29.1	1	25.7	108
3	6.7	3	7.4	6	17	9	20.8	34	29.5	46	30.7	55	30.8	24	25.4	109
3	5.2	4	12.3	9	17.1	14	23.6	26	30.5	51	31.4	68	31.5	22	25.4	110
3	5.1	3	14.6	6	17.2	7	25.9	22	28.5	30	32.8	34	33.7	3	25.2	111
3	7	5	8.6	12	17.3	13	21.3	22	25.8	23	25.8	16	26.2	51	25	112
3	6.2	3	10.5	4	17.4	8	26.4	21	32.9	31	34.5	35	32.4	10	25	113
2	5.8	3	11	4	17.7	8	22.6	18	28.1	36	29.8	36	24.2	1	25	114
3	5.3	3	12.2	6	18	8	21.4	19	22.3	21	22.7	17	23.7	1	24.5	115
3	8	6	15.8	13	18.1	17	19.2	37	25.6	58	25.6	58	25.9	14	24.4	116
3	4.2	1	7.1	5	18.1	10	23.5	26	26.2	43	28.9	NA	NA	4	24.4	117
3	9.1	4	17.2	7	18.1	13	26	19	31.1	37	31.2	41	22.5	3	24.4	118
3	5.5	3	12.5	6	18.2	9	24.5	20	30.3	25	32	27	31.8	28	24.3	119
3	6.3	4	15.1	8	18.3	11	19.9	31	20.6	46	22.5	58	23.5	20	24.3	120
3	5.3	3	12	6	18.5	9	23.1	23	35.4	38	35.4	39	29.7	4	24.3	121
3	5.2	3	14	10	18.8	16	23.1	27	26.5	51	26.8	64	28.7	2	24.3	122
3	7.1	2	12.4	4	18.9	7	20.3	27	26.4	41	26.4	39	25	3	24.2	123
3	4.3	2	9.3	4	19.1	7	20.8	21	24.6	28	26.8	31	26	10	24.1	124
2	7.2	2	10.2	4	19.1	8	27.4	13	32.1	21	33.7	21	26	46	24	125
3	5.9	3	11.6	10	19.3	13	24.2	38	30.5	58	32.9	72	31.1	10	24	126
3	5.8	2	9.2	5	19.3	8	28.7	14	30.7	17	31.5	19	30.6	22	23.8	127
2	3.5	3	15.9	7	19.3	9	26.5	30	36.1	39	45.1	51	44.4	37	23.7	128
4	7.4	5	13	13	19.4	15	21.5	44	24.4	66	28.9	96	29.1	15	23.7	129
3	6.9	4	15.7	11	19.4	12	23.7	38	26.4	54	31.7	60	30.8	1	23.7	130
3	6.6	5	9.6	8	19.4	11	23.6	36	30.5	52	34.4	59	33.6	53	23.4	131
3	6.6	4	14.5	10	19.4	13	21.6	29	31.7	49	34.1	50	25.7	2	23.4	132
3	6	3	9.7	6	19.4	8	23.7	24	37.3	31	40.2	41	39.6	37	23.3	133
5	9.2	6	19.5	14	19.5	5	19.5	19	19.7	NA	NA	NA	NA	2	23.2	134
2	6.7	2	12.4	3	19.5	5	22.3	15	30.3	19	34.7	32	32.1	11	23	135
3	6.8	4	15.3	5	19.5	8	29.1	20	34	38	43.5	41	43	8	23	136
3	4	3	11.9	6	19.6	11	24.8	24	27.5	38	29.8	46	29.5	48	22.8	137
2	2.7	2	9.1	5	19.6	10	22.8	26	29	47	29	57	27.5	3	22.8	138
3	7.6	3	14.3	5	19.9	10	21.6	28	23	44	24.6	55	24.2	3	22.6	139
3	9.4	4	18.2	5	20.1	6	20.4	16	20.7	17	20.7	18	11.7	4	22.5	140
3	5.6	2	14.2	4	20.2	6	27.5	16	28.9	25	33.7	37	32.4	6	22.4	141
3	7	3	15.6	6	20.2	10	24	21	30.1	40	32.6	49	25.4	2	22.4	142
2	2.2	1	8.5	3	20.2	4	32.6	12	44	25	50.6	19	43.4	27	22.2	143
3	7.6	3	11.8	4	20.4	5	24.1	9	26.1	10	26.4	9	26.6	4	22.2	144
3	4.7	4	16	7	20.5	12	26.3	30	28	45	28.9	57	28.6	1	22.2	145
NA	NA	6	18.4	12	20.6	12	21.7	21	29	38	32.9	NA	NA	1	22.1	146
4	9.8	5	14.6	9	20.6	12	24	30	30.9	40	35.1	63	35.6	1	22.1	147
1	0.5	3	12.3	6	20.7	9	23.7	18	29.7	36	35.2	40	36.8	20	22	148
3	7.2	4	16.8	7	21	NA	NA	33	37.4	51	37.6	56	29.5	19	21.8	149
3	5.7	3	16.4	6	21.2	12	24.2	24	29.7	42	31.6	48	31.5	21	21.7	150
3	6.2	3	14.6	7	21.2	11	27	27	30	47	30	42	26.6	1	21.7	151
3	5.7	3	13.9	7	21.3	10	23.5	25	31.4	39	35	50	34.6	5	21.5	152
3	9.4	3	17.5	7	21.4	10	28	21	37.4	28	37.5	41	33.8	14	21.4	153
3	8.2	3	16	5	21.5	8	27.4	20	29.2	33	31.8	34	32.5	4	21.4	154
5	6.2	5	13.9	8	21.7	11	21.7	35	22	39	23.3	36	23.6	24	21.2	155
3	6.4	5	14.4	12	21.7	13	22.7	37	23.2	58	24.9	76	25.3	1	21.2	156
3	6.7	4	16.5	8	21.7	9	25.8	23	26.7	39	31.8	49	28.2	34	21	157
3	6.5	4	16.2	6	21.7	9	29.5	21	38.9	38	38.9	38	36.2	19	21	158
2	9.4	2	12	4	21.8	4	21.8	12	30.1	22	34.2	25	29.4	4	21	159
4	8.4	3	15	6	21.9	10	26.6	28	28.1	38	30.3	51	29	16	20.9	160
2	6.4	3	15.2	7	22	10	31.9	18	32.3	34	32.6	41	31.3	27	20.8	161
3	5.8	3	13.8	6	22.1	9	24	26	28.6	37	31.8	47	31.1	20	20.6	162
2	5.4	NA	NA	4	22.1	11	25.3	21	36.3	33	38.8	35	38.7	21	20.4	163
3	3.5	4	15.5	9	22.3	14	25.2	33	29.4	63	33.4	72	29.4	4	20.4	164
4	6.7	3	14	6	22.4	10	26.9	30	30.6	37	34.5	45	30.1	1	20.4	165
3	6.8	1	9.6	4	22.4	8	30.4	27	38.1	31	42.9	38	34.8	1	20.4	166
5	6.7	5	17.2	8	22.5	13	25.4	22	26.1	36	32	43	25	1	20.4	167
3	6.8	3	14.7	6	22.5	11	25.6	29	34.5	43	35	52	32.5	21	20.3	168
5	7.2	4	17.5	11	22.6	13	23.1	28	28.6	48	31	58	30	19	20.3	169
3	6.9	3	14.5	3	22.7	7	27.2	11	28.2	16	28.5	14	28.4	7	20.3	170
3	5.5	3	12.2	8	22.7	12	25.6	32	34.8	41	36.3	56	35.7	1	19.9	171
3	6.8	3	14.7	5	23.1	9	28.8	22	25.6	32	38.7	42	36.1	9	19.7	172
4	7.3	4	16.4	7	23.2	9	29.2	26	31.5	34	34.4	36	35	1	19.7	173
4	9.1	4	19	8	23.3	14	27.9	35	31.2	43	36.6	51	34.7	3	19.6	174
3	7.2	4	17.4	8	23.5	12	28	25	29.8	34	31.4	29	27	1	19.6	175
4	9.6	6	17.1	10	23.5	13	28.2	27	36.8	40	41.5	48	41.1	11	19.4	176
3	8.2	3	15.1	9	23.6	11	25.5	22	28.7	41	39.6	48	39.5	24	19.2	177
4	11.1	5	19.6	10	23.7	14	24	29	25.7	46	27.8	52	22.6	6	19.2	178
3	6.3	3	15.1	8	23.8	9	29.2	9	29.2	44	39.3	56	39	28	19.1	179
3	9.6	6	22.4	14	23.9	15	23.9	39	38.4	51	38.4	62	36.2	18	18.7	180
3	7.3	5	15.4	9	24	14	26.5	29	32.3	34	36.9	28	33.3	29	18.5	181
3	7	4	18	7	24	13	31.3	30	39.5	49	42.2	55	36.9	1	18.3	182
3	4.6	3	10.1	7	24.1	14	25.8	23	30.5	40	35.1	56	35.1	1	18.3	183
3	6.6	5	17.7	6	24.3	9	27	24	30.8	36	32.1	43	30.5	9	18.2	184
3	8.3	4	15.4	6	24.3	9	28.7	21	31.1	NA	NA	33	30	2	18	185
3	9.1	3	16.1	8	24.3	11	28.6	21	33.4	32	38.3	41	38.8	18	17.9	186
6	10.5	5	20.4	8	24.4	10	26.9	22	29.6	46	30.8	56	29.2	1	17.9	187
3	7.3	3	16.1	5	24.4	10	31.6	17	39.5	25	41.2	NA	NA	1	17.9	188
3	4.6	3	11.3	5	24.5	13	26.3	26	28.3	48	33.3	70	28.2	1	17.9	189
4	7.2	3	17.1	6	24.5	11	30.2	26	32.4	41	32.4	60	33.4	5	17.7	190
3	5.5	3	16.5	7	24.5	11	27.3	25	37.3	34	42.2	43	41.9	1	17.6	191
6	10.8	6	21.9	9	24.6	12	27.3	25	33.1	42	36.4	41	34.6	18	17.5	192
3	3.3	3	13.9	7	24.6	10	31.5	30	34.8	43	39	52	39.5	3	17.5	193
6	8.1	6	20.4	14	24.6	14	31.2	25	37.4	53	39.8	74	38.9	1	17.5	194
3	7.2	3	15.1	8	24.7	12	25.6	25	25.6	35	26.7	42	23.7	18	17.4	195
5	6.2	8	22	12	24.7	16	25.6	33	32	49	35	52	32.5	5	17.4	196
4	11.1	5	18.8	8	24.7	NA	NA	25	33.8	40	34	38	34.1	29	17	197
3	6.1	2	14.1	4	24.8	4	24.8	7	26.7	9	30.9	NA	NA	19	16.9	198
3	7	4	13.6	10	24.9	11	32	29	30.7	39	33.9	61	32.3	2	16.7	199
1	7.7	4	21.1	8	25.1	9	27.4	27	28.9	36	34.5	36	34.6	18	16.6	200
3	9.5	2	15.4	3	25.1	9	27.5	27	30.2	42	33.4	43	31.5	1	16.4	201
3	6.5	4	15.1	4	25.2	10	28.3	27	31.6	45	36.6	49	36.5	10	16.3	202
5	8.9	5	18.1	10	25.3	12	28.7	33	32.5	36	45	38	44.2	1	16.3	203
3	9.5	4	19.4	5	25.4	10	28.6	30	29	41	31.4	45	29.7	17	16.2	204
4	5	5	12.1	8	25.5	12	31.4	38	36.2	58	39.6	59	33.6	8	16	205
6	7.9	5	21	8	25.6	9	31.3	25	31.4	40	35	54	30.7	19	15.5	206
3	11.5	3	20.6	7	25.6	10	30.5	22	31.6	46	34.5	46	34.3	2	15.5	207
3	9.1	3	18.2	5	25.6	9	29.2	24	32.2	44	40.3	57	40.5	7	15.4	208
3	5.4	3	16.6	3	25.7	9	27.2	9	27.2	29	40.2	30	40.3	3	15.4	209
4	5.9	3	14	8	25.8	10	27.3	11	19.1	38	43.7	49	41.3	1	14.9	210
2	8.3	3	16	6	25.8	8	33.1	19	32.6	32	39.5	38	38	5	14.7	211
3	6.9	4	18.9	9	25.9	13	29.4	30	40.9	39	42.6	43	42.9	3	14.7	212
5	7.3	4	18.1	8	26	9	32.3	23	32.4	38	39.1	52	35.8	13	14.6	213
3	8	4	18	7	26	8	28.5	19	33.5	26	36.6	31	37.6	7	14.5	214
3	8.4	3	18	7	26.1	8	26.2	24	34	36	43.1	40	43	4	14.3	215
4	8.9	6	18.4	9	26.2	9	26.5	25	27.6	38	32.4	37	27.3	1	14	216
3	9.5	5	20.3	8	26.2	9	30	21	32.2	39	35.6	40	34.5	14	13.7	217
3	8.2	3	19.8	6	26.2	9	28.5	23	34.4	NA	NA	NA	NA	3	13.5	218
3	8.2	5	22.2	9	26.6	12	29.4	31	35.9	39	41.2	48	41.2	5	13.4	219
4	10.3	4	21.2	8	26.6	10	30.6	23	36.3	40	42.2	41	40.5	1	13	220
4	8.8	4	19.8	7	26.6	11	33.7	23	36.4	43	43.6	44	42.4	11	12.9	221
4	8.1	4	22.8	7	26.8	8	27.6	23	36.5	31	37.9	NA	NA	3	12.6	222
2	3.4	3	14.9	8	26.9	12	29.9	24	33.8	44	34.6	44	31	1	12.6	223
3	8.5	4	17	7	26.9	10	28.7	23	34.7	33	35.3	33	35.1	1	12.5	224
6	9.4	5	21.9	10	26.9	15	29.8	22	36	46	40.6	48	37.3	8	12.1	225
8	10.7	7	27	10	27	12	27.5	31	36	45	40	50	32.3	1	11.8	226
3	10.4	3	20.3	5	27.1	8	30.4	20	30.8	39	33.9	44	29.2	5	11.7	227
3	6.2	5	17.6	9	27.1	10	32	27	35.1	41	35.7	49	34.8	1	11.5	228
3	7.9	4	22.3	8	27.1	8	33.3	24	39	41	47.1	55	47	9	11.4	229
6	8.1	5	20.5	7	27.2	11	30.7	31	32.4	55	41.8	62	41.4	3	10.4	230
3	8.4	4	16.6	11	27.2	16	35.1	39	35.7	67	38.7	67	38.9	2	10.4	231
6	8	4	19.5	6	27.2	9	36.2	20	37.5	33	40.3	34	29.3	1	10.1	232
5	10	5	20.8	9	27.2	12	32.3	26	38.8	46	39.4	47	30	1	9.6	233
6	7.5	4	19.9	7	27.4	9	31.8	20	33.1	32	35.2	33	33.6	1	9	234
3	5.1	3	21.5	7	27.4	13	31.2	29	36.6	44	38.9	NA	NA	10	7.3	235
3	12.4	6	23.3	8	27.5	10	32.2	31	34.3	45	40.6	48	35.1	4	7.2	236
4	9	7	22.3	10	27.5	11	27.6	21	35.9	39	38.6	49	37.6	1	7.1	237
NA	NA	NA	NA	3	27.5	6	35.8	13	38.6	17	45.4	25	45.4	1	6.7	238
3	11.2	3	17.5	7	27.6	10	31.6	20	34.3	25	35.4	28	36.2	3	6.4	239
3	10.1	6	23.6	9	27.6	9	32	20	36.2	37	35.6	39	36.1	3	6	240
5	10.5	8	24.7	12	27.6	13	30.8	34	38.2	50	42.9	77	42.2	1	5.8	241
3	6.8	4	20.8	6	27.8	11	30.8	23	31.7	36	31.7	45	30.3	11	5.5	242
4	6.2	4	20.6	8	27.8	9	31.2	21	34.1	37	35	47	34.8	1	5.5	243
3	8	3	18.1	8	28.2	9	30.3	26	34	35	38.1	42	37.7	1	5.3	244
5	9.7	6	21.5	8	28.2	9	36.4	24	37.2	35	37.5	46	33.9	1	5.2	245
6	7.1	4	19.3	8	28.4	10	29.8	23	34.6	34	42.8	38	42.6	1	3.2	246
3	7.7	5	21.2	9	28.5	18	31	27	38.1	51	38.1	62	35.1	NA	NA	247
3	7.5	3	16.9	8	28.6	11	28.3	22	34.5	37	39.3	47	39.8	NA	NA	248
5	7.6	7	25	11	28.6	11	33.3	30	37.8	NA	NA	61	37	NA	NA	249
6	7.7	4	17.2	8	28.7	13	34.6	27	39.9	41	41.9	46	43.8	NA	NA	250
3	10.6	3	19.9	8	28.8	10	29.5	28	36.2	42	37.4	67	36.8	NA	NA	251
4	8.3	4	21.8	6	28.9	8	32.2	21	33.9	34	33.9	37	27	NA	NA	252
3	6.2	4	20.1	6	29	11	29	23	31	31	34.1	42	33.3	NA	NA	253
3	7.7	5	22.3	9	29	11	32.5	28	34.7	36	42.8	47	39.6	NA	NA	254
4	10.7	4	24.3	5	29	9	19.4	20	36.9	33	38.2	33	37.8	NA	NA	255
7	9.2	6	24	8	29	10	29.6	27	37.3	40	41.9	41	40.7	NA	NA	256
3	7.7	3	19	7	29.1	11	29.1	32	29.8	49	30.6	60	30	NA	NA	257
4	9.6	7	22.9	9	29.2	11	30.5	29	38.1	42	42.2	45	41.6	NA	NA	258
4	12.7	6	28.1	9	29.2	10	34.7	34	46.3	50	46.9	58	43.7	NA	NA	259
3	9.7	3	25.4	10	29.3	10	29.7	23	30.4	36	39.5	NA	NA	NA	NA	260
4	8.4	5	20	10	29.4	14	29.4	25	28.4	35	32	45	30.4	NA	NA	261
3	5.5	4	21.5	8	29.5	9	35.1	16	37	17	37.3	16	31.3	NA	NA	262
4	10.3	4	22.4	7	29.5	10	35.4	18	39.5	32	47.1	40	46.9	NA	NA	263
3	8.3	3	18.8	5	29.6	9	32.4	19	33.6	28	36.8	31	36.7	NA	NA	264
3	6.1	4	18.6	10	29.7	10	44.2	23	50.1	41	50.2	65	34.4	NA	NA	265
5	9.3	5	22.3	8	29.8	9	35.4	21	37.3	41	42	47	43.5	NA	NA	266
5	13.4	6	21.6	9	29.9	11	33.8	27	39.2	44	45.3	49	46.1	NA	NA	267
4	8.5	4	20	9	30	11	32.1	24	32.4	39	35.7	35	35.1	NA	NA	268
3	10.5	3	20.5	6	30.1	8	37.2	20	43.6	35	51.4	42	50.3	NA	NA	269
5	12.3	5	24.9	7	30.2	8	32.8	35	33.6	38	35.4	45	34.1	NA	NA	270
3	11.2	3	19.1	5	30.3	9	30.5	17	31.3	23	41.7	31	42.8	NA	NA	271
4	12.9	4	28.2	5	30.3	6	34.1	18	40.3	NA	NA	33	42.7	NA	NA	272
6	8.1	6	25.5	10	30.9	14	37	35	49.4	49	56.6	61	59.1	NA	NA	273
5	10	6	20.5	9	31	12	34	12	34	51	40.4	52	36.4	NA	NA	274
4	12.3	5	25.5	NA	NA	10	40.1	24	42.8	42	43.7	57	37.7	NA	NA	275
4	6.5	4	21.6	9	31.2	12	41	24	48.1	32	50	43	50.1	NA	NA	276
3	12.8	5	22.5	11	31.4	14	34	37	34.1	54	35.2	54	34.3	NA	NA	277
3	8.9	3	22.7	5	31.4	7	40.2	23	41.2	29	42.7	37	43.1	NA	NA	278
6	11.8	6	21.7	8	31.5	13	32.2	19	32.2	23	32.3	16	23	NA	NA	279
3	9.4	4	24.4	8	31.7	9	34.6	28	35.6	42	38.4	42	46.5	NA	NA	280
4	8.2	4	19.2	9	31.7	10	34	28	35.7	46	40.7	60	41.4	NA	NA	281
4	12.8	6	24.2	8	31.8	11	38.8	32	39.5	38	39.7	44	36.5	NA	NA	282
3	10.2	4	21.9	6	31.9	8	33.1	20	34.7	35	42.8	36	41.8	NA	NA	283
4	9	3	19	9	31.9	12	45.4	18	50.8	43	50.8	40	40.8	NA	NA	284
4	10.6	5	28.3	7	32	8	40.3	24	49.4	35	42	43	39.8	NA	NA	285
6	8.3	7	24.1	12	33	16	39.5	37	40.7	56	40.8	72	31.4	NA	NA	286
4	12	5	22.6	9	33	8	36.8	22	44.1	39	46.8	44	47.3	NA	NA	287
3	7.1	5	16.3	8	33.2	11	37.8	26	36.8	43	37.4	40	31	NA	NA	288
3	8.6	5	20.4	9	33.4	9	38.6	29	39	29	39	11	20.2	NA	NA	289
3	10.8	4	24.7	6	33.9	9	34.1	21	35.6	33	35.7	32	34.9	NA	NA	290
4	11	4	26.6	6	34	7	34.9	27	43.6	41	44.9	48	40	NA	NA	291
6	13.5	4	26.3	6	35.4	8	36	23	37.2	46	49.6	67	38.8	NA	NA	292
5	12.5	7	27.2	7	36.6	7	40.7	17	41.7	35	47.6	37	34.4	NA	NA	293
3	11.4	5	30.2	7	36.9	8	37.8	23	42.2	31	51.8	43	51	NA	NA	294
4	9.2	4	18.3	5	37	9	49.8	NA	NA	NA	NA	NA	NA	NA	NA	295
NA	NA	NA	NA	NA	NA	1	2.3	3	9.2	4	11.2	NA	NA	NA	NA	296
3	6.7	5	22.1	NA	NA	10	27.4	22	30.5	31	36.2	39	33.2	NA	NA	297
5	10.5	4	22	NA	NA	10	31.8	28	39.3	36	43.4	47	41.6	NA	NA	298
3	2.7	1	3.1	NA	NA	NA	NA	NA	NA	NA	NA	NA	NA	NA	NA	299
3	3.5	NA	NA	NA	NA	NA	NA	NA	NA	NA	NA	NA	NA	NA	NA	300
1	1.8	NA	NA	NA	NA	NA	NA	NA	NA	NA	NA	NA	NA	NA	NA	301
2	2.1	NA	NA	NA	NA	NA	NA	NA	NA	NA	NA	NA	NA	NA	NA	302
3	2.5	NA	NA	NA	NA	NA	NA	NA	NA	NA	NA	NA	NA	NA	NA	303
NA	NA	1	1.7	NA	NA	NA	NA	NA	NA	NA	NA	NA	NA	NA	NA	304
1	2.1	NA	NA	NA	NA	NA	NA	NA	NA	NA	NA	NA	NA	NA	NA	305
2	2.7	NA	NA	NA	NA	4	17.8	NA	NA	NA	NA	NA	NA	NA	NA	306
1	2.3	NA	NA	NA	NA	NA	NA	NA	NA	NA	NA	NA	NA	NA	NA	307
4	8.5	5	14.4	NA	NA	NA	NA	NA	NA	NA	NA	NA	NA	NA	NA	308
NA	NA	1	1.5	NA	NA	NA	NA	NA	NA	NA	NA	NA	NA	NA	NA	309
3	4	NA	NA	NA	NA	NA	NA	NA	NA	NA	NA	NA	NA	NA	NA	310
