"1" "29" "32" "42" "50" "57" "59" "62" "67" "87" "88" "91" "93" "103"
"1" 0 4182 4512 6000 6812 7048 7135 7317 7644 8380 8346 8770 8776 3429
"2" 4182 0 210 1658 2487 2757 2834 3046 3364 4134 4057 4441 4468 654
"3" 4512 210 0 1419 2237 2497 2577 2784 3104 3869 3799 4195 4215 1004
"4" 6000 1658 1419 0 559 891 931 1189 1476 2259 2131 2471 2517 2483
"5" 6812 2487 2237 559 0 270 289 556 834 1617 1498 1877 1900 3309
"6" 7048 2757 2497 891 270 0 74 267 575 1354 1268 1706 1693 3571
"7" 7135 2834 2577 931 289 74 0 221 500 1283 1180 1597 1595 3650
"8" 7317 3046 2784 1189 556 267 221 0 255 980 945 1445 1392 3856
"9" 7644 3364 3104 1476 834 575 500 255 0 648 549 1043 989 4177
"10" 8380 4134 3869 2259 1617 1354 1283 980 648 0 278 726 520 4939
"11" 8346 4057 3799 2131 1498 1268 1180 945 549 278 0 490 377 4872
"12" 8770 4441 4195 2471 1877 1706 1597 1445 1043 726 490 0 96 5264
"13" 8776 4468 4215 2517 1900 1693 1595 1392 989 520 377 96 0 5288
"14" 3429 654 1004 2483 3309 3571 3650 3856 4177 4939 4872 5264 5288 0
